37.465115
10.000000
20.090666
30.000000
39.677420
16.697432
20.090666
29.864001
42.137902
22.350888
20.090666
29.536515
44.859382
27.655387
20.090666
29.050109
47.807403
32.781759
20.090666
28.412482
50.956123
37.813519
20.090666
27.622986
54.288973
42.802517
20.090666
26.675875
57.796835
47.785531
20.090666
25.561343
61.476441
52.790997
20.090666
24.265789
65.329215
57.842224
20.090666
22.771664
69.360516
62.959099
20.090666
21.057024
73.579201
68.159030
20.090666
19.094779
77.997484
73.457451
20.090666
16.851572
82.631095
78.868046
20.090666
14.286158
87.499802
84.402760
20.090666
11.347005
92.628498
90.071663
20.090666
7.968636
97.935686
95.762892
20.090666
4.151160
103.364540
101.393196
20.090666
-0.113910
108.922831
106.942386
20.090666
-4.886130
114.605404
112.366337
20.090666
-10.225948
120.402615
117.603742
20.090666
-16.202307
126.298746
122.570855
20.090666
-22.893755
132.269881
127.154058
20.090666
-30.389674
138.280813
131.198997
20.090666
-38.791386
144.280345
134.494373
20.090666
-48.212516
150.193722
136.747276
20.090666
-58.776712
155.819622
137.547283
20.090666
-70.405005
160.738316
136.547560
20.090666
-82.388926
164.958497
133.477226
20.090666
-94.823526
168.354771
128.006600
20.090666
-107.489555
170.785781
119.857334
20.090666
-119.993198
172.134461
108.970426
20.090666
-131.727310
172.377062
95.625850
20.090666
-142.006737
171.601477
80.330250
20.090666
-150.301307
169.948853
63.610604
20.090666
-156.309529
167.551414
45.930842
20.090666
-159.875574
164.558346
28.008507
20.090666
-160.907855
161.101513
10.508851
20.090666
-159.498046
157.226185
-6.229487
20.090666
-155.812811
152.960663
-21.811207
20.090666
-150.058658
148.357204
-35.766868
20.090666
-142.572635
143.514397
-47.671174
20.090666
-133.866376
138.541601
-57.350772
20.090666
-124.503130
133.504753
-64.927275
20.090666
-114.910108
128.422287
-70.663015
20.090666
-105.334644
123.289654
-74.825978
20.090666
-95.905040
118.095936
-77.642581
20.090666
-86.687051
112.829548
-79.293688
20.090666
-77.713469
107.757979
-79.912017
20.090666
-69.442183
102.873445
-79.734539
20.090666
-61.820015
98.165828
-78.938467
20.090666
-54.786982
93.607652
-77.651020
20.090666
-48.260508
89.187582
-75.967260
20.090666
-42.187264
84.901273
-73.961913
20.090666
-36.527068
80.744874
-71.693571
20.090666
-31.243106
76.715195
-69.208331
20.090666
-26.301962
72.809691
-66.542368
20.090666
-21.673245
69.026557
-63.723836
20.090666
-17.329267
65.364891
-60.774263
20.090666
-13.244739
61.824957
-57.709585
20.090666
-9.396506
58.408545
-54.540882
20.090666
-5.763289
55.119464
-51.274874
20.090666
-2.325451
51.964218
-47.914199
20.090666
0.935228
48.952920
-44.457462
20.090666
4.035783
46.120608
-40.925252
20.090666
6.971324
43.514444
-37.352945
20.090666
9.727767
41.148669
-33.728032
20.090666
12.328744
39.047599
-30.037511
20.090666
14.792838
37.243947
-26.264206
20.090666
17.136750
35.779514
-22.385669
20.090666
19.375774
34.705407
-18.371920
20.090666
21.524474
34.082146
-14.181366
20.090666
23.597599
33.980990
-9.752633
20.090666
25.611697
34.491060
-4.985862
20.090666
27.588758
35.748500
0.311486
20.090666
29.567268
38.083891
6.675970
20.090666
31.657216
40.888169
12.557759
20.090666
33.324319
43.876246
17.938618
20.090666
34.636630
47.062644
23.140062
20.090666
35.718274
50.433054
28.275869
20.090666
36.610563
53.977576
33.411034
20.090666
37.331577
57.691935
38.590555
20.090666
37.887908
61.576695
43.849617
20.090666
38.278788
65.636382
49.218112
20.090666
38.497756
69.878810
54.722954
20.090666
38.533253
74.330708
60.409774
20.090666
38.367675
79.031551
66.335062
20.090666
37.973816
84.000233
72.525075
20.090666
37.316455
89.260380
79.008757
20.090666
36.351023
94.839305
85.815978
20.090666
35.021091
100.768635
92.977455
20.090666
33.254709
107.085324
100.524486
20.090666
30.958997
113.833377
108.488458
20.090666
28.011739
121.067037
116.900180
20.090666
24.247482
128.734654
125.650913
20.090666
19.514721
136.585457
134.394371
20.090666
13.787861
144.624656
143.057734
20.090666
6.865931
152.791261
151.457528
20.090666
-1.466983
160.956539
159.287792
20.090666
-11.435561
168.811000
166.013024
20.090666
-23.091014
176.156200
171.114301
20.090666
-36.705149
182.489561
173.740792
20.090666
-52.085914
187.188809
173.104648
20.090666
-68.343225
189.980634
168.695061
20.090666
-85.035186
190.613451
160.329125
20.090666
-101.115896
189.118708
148.380442
20.090666
-115.522704
185.744415
133.498084
20.090666
-127.575916
180.784956
116.331750
20.090666
-136.917819
174.608217
97.777567
20.090666
-143.261796
167.650206
78.894848
20.090666
-146.555654
160.128789
60.171268
20.090666
-147.027251
152.256042
42.166154
20.090666
-144.914744
144.280224
25.516817
20.090666
-140.577524
136.456154
10.774901
20.090666
-134.538279
128.957638
-1.807844
20.090666
-127.370206
121.828863
-12.306894
20.090666
-119.528981
115.035853
-20.946539
20.090666
-111.314218
108.521195
-27.967513
20.090666
-102.912745
102.228678
-33.580652
20.090666
-94.442615
96.110038
-37.960107
20.090666
-85.979851
90.338131
-41.146974
20.090666
-77.873420
84.961989
-43.321746
20.090666
-70.271837
79.919238
-44.693867
20.090666
-63.134047
75.168667
-45.418154
20.090666
-56.425925
70.679015
-45.613426
20.090666
-50.112909
66.426588
-45.371932
20.090666
-44.161572
62.393540
-44.765869
20.090666
-38.540056
58.566864
-43.851926
20.090666
-33.218238
54.937874
-42.674524
20.090666
-28.167714
51.502075
-41.268153
20.090666
-23.361688
48.259377
-39.659045
20.090666
-18.774791
45.214632
-37.866369
20.090666
-14.382846
42.378513
-35.903001
20.090666
-10.162581
39.768745
-33.775947
20.090666
-6.091280
37.411675
-31.486375
20.090666
-2.146335
35.344087
-29.029216
20.090666
1.695353
33.615053
-26.392131
20.090666
5.458236
32.287464
-23.553484
20.090666
9.169454
31.439023
-20.478494
20.090666
12.861127
31.163436
-17.115483
20.090666
16.570610
31.551017
-13.487971
20.090666
20.246146
32.677532
-9.492073
20.090666
23.960109
34.671977
-4.939510
20.090666
27.822875
37.900618
0.688260
20.090666
32.130177
41.465184
5.988428
20.090666
35.775206
45.124520
10.979625
20.090666
38.884897
48.948499
15.937037
20.090666
41.693304
52.948796
20.961467
20.090666
44.278178
57.136524
26.118329
20.090666
46.677409
61.525688
31.459258
20.090666
48.909003
66.133785
37.030412
20.090666
50.978341
70.981805
42.876370
20.090666
52.880987
76.094218
49.042325
20.090666
54.603531
81.499059
55.575532
20.090666
56.123275
87.228148
62.526377
20.090666
57.407031
93.317444
69.949257
20.090666
58.409006
99.807537
77.903336
20.090666
59.067587
106.744310
86.453191
20.090666
59.300579
114.180143
95.669702
20.090666
58.998121
122.186438
105.644442
20.090666
58.009849
130.831942
116.460310
20.090666
56.128052
140.198952
128.206720
20.090666
53.057971
150.387911
140.975473
20.090666
48.361193
160.850974
154.012720
20.090666
41.826825
171.147263
166.666861
20.090666
33.315284
181.151272
178.632292
20.090666
22.419920
190.511045
189.247249
20.090666
8.735115
198.607163
197.425695
20.090666
-8.016576
204.472976
201.619638
20.090666
-27.478807
207.104130
200.516935
20.090666
-47.764469
206.333573
194.122079
20.090666
-66.981541
202.500927
183.092949
20.090666
-84.142514
196.034647
168.229160
20.090666
-98.614895
187.625625
150.882189
20.090666
-109.700981
177.919552
132.236122
20.090666
-117.325786
167.295101
112.982226
20.090666
-121.733449
156.179608
93.929488
20.090666
-123.149041
145.078076
75.972263
20.090666
-121.951746
134.432491
59.796664
20.090666
-118.713179
124.447885
45.625585
20.090666
-114.026082
115.145154
33.371749
20.090666
-108.356348
106.461106
22.832861
20.090666
-102.024471
98.315142
13.801181
20.090666
-95.245786
90.702465
6.161402
20.090666
-88.234571
83.669710
-0.167656
20.090666
-81.221656
77.122600
-5.399259
20.090666
-74.263777
71.023621
-9.676277
20.090666
-67.432110
65.464539
-13.056013
20.090666
-60.922176
60.358960
-15.710656
20.090666
-54.705982
55.652575
-17.764774
20.090666
-48.764609
51.305515
-19.315302
20.090666
-43.075981
47.290402
-20.438111
20.090666
-37.616896
43.590962
-21.192839
20.090666
-32.363570
40.201684
-21.626233
20.090666
-27.291879
37.128281
-21.774492
20.090666
-22.377353
34.388717
-21.664862
20.090666
-17.594964
32.014469
-21.316636
20.090666
-12.918686
30.051363
-20.741602
20.090666
-8.320786
28.558921
-19.943895
20.090666
-3.770700
27.607111
-18.919031
20.090666
0.766806
27.270408
-17.651631
20.090666
5.334813
27.622311
-16.110591
20.090666
9.990299
28.738737
-14.238267
20.090666
14.817284
30.728594
-11.922005
20.090666
19.961900
33.861979
-8.887763
20.090666
25.768323
37.960445
-5.242889
20.090666
31.778494
42.044698
-1.699368
20.090666
36.894903
46.311387
2.017013
20.090666
41.677828
50.809515
6.002797
20.090666
46.281081
55.419972
10.187442
20.090666
50.635506
60.194902
14.641922
20.090666
54.821578
65.170674
19.421621
20.090666
58.875993
70.382584
24.581700
20.090666
62.815709
75.868037
30.181520
20.090666
66.643830
81.667559
36.286682
20.090666
70.350779
87.825683
42.970806
20.090666
73.913636
94.391857
50.317308
20.090666
77.293961
101.421435
58.421279
20.090666
80.433990
108.976790
67.391581
20.090666
83.250711
117.128575
77.353151
20.090666
85.626854
125.957090
88.449515
20.090666
87.397007
135.553591
100.845167
20.090666
88.325498
146.020804
114.726705
20.090666
88.069425
157.478037
130.309639
20.090666
86.110947
169.682380
147.304069
20.090666
81.792338
181.663739
164.332577
20.090666
74.785583
193.242955
181.061542
20.090666
64.466447
203.747547
196.412390
20.090666
50.315020
212.072445
208.620290
20.090666
32.383043
217.037123
215.786266
20.090666
11.737340
217.960250
216.796045
20.090666
-10.124737
214.752828
211.521909
20.090666
-31.202948
207.948392
200.864420
20.090666
-49.923775
198.620876
186.590736
20.090666
-65.042409
187.465691
169.881428
20.090666
-76.681492
174.993089
151.639691
20.090666
-84.996180
161.842077
132.935793
20.090666
-90.096049
148.759952
114.922727
20.090666
-92.296562
136.301123
98.381934
20.090666
-92.170257
124.668184
83.543455
20.090666
-90.327252
113.846167
70.325316
20.090666
-87.244855
103.951102
58.786399
20.090666
-83.344802
94.932631
48.768568
20.090666
-78.931593
86.657377
40.030279
20.090666
-74.185194
79.025418
32.384730
20.090666
-69.228687
71.956966
25.679864
20.090666
-64.146042
65.387701
19.789861
20.090666
-58.993881
59.266017
14.609426
20.090666
-53.808833
53.551718
10.049816
20.090666
-48.612271
48.215984
6.035957
20.090666
-43.413287
43.342642
2.573296
20.090666
-38.318767
38.928091
-0.404186
20.090666
-33.340637
34.962656
-2.965977
20.090666
-28.459716
31.462767
-5.165987
20.090666
-23.655516
28.472105
-7.046734
20.090666
-18.904218
26.063875
-8.641121
20.090666
-14.178214
24.337440
-9.973531
20.090666
-9.444829
23.403328
-11.060198
20.090666
-4.664001
23.355892
-11.908660
20.090666
0.216001
24.249126
-12.515728
20.090666
5.267047
26.104349
-12.862251
20.090666
10.600221
28.975892
-12.898517
20.090666
16.419370
33.169717
-12.485993
20.090666
23.252855
37.768643
-11.625857
20.090666
29.793876
42.237203
-10.461194
20.090666
35.649823
46.775317
-8.980068
20.090666
41.275341
51.449389
-7.158479
20.090666
46.820518
56.312461
-4.956675
20.090666
52.372605
61.418558
-2.318375
20.090666
57.993358
66.828796
0.832523
20.090666
63.731939
72.616578
4.597965
20.090666
69.630391
78.661666
8.954782
20.090666
75.523737
85.005865
13.979361
20.090666
81.406017
91.720013
19.784644
20.090666
87.278255
98.869048
26.496402
20.090666
93.109583
106.525735
34.265228
20.090666
98.843268
114.772887
43.271570
20.090666
104.387508
123.705877
53.732218
20.090666
109.600903
133.435126
65.908280
20.090666
114.268966
144.087461
80.114060
20.090666
118.064809
155.802051
96.722262
20.090666
120.480074
168.703223
116.141445
20.090666
120.699242
181.869996
137.156871
20.090666
117.732975
194.609071
158.722301
20.090666
110.798405
206.146252
179.594636
20.090666
99.188755
215.149524
197.464299
20.090666
83.027307
220.502623
210.226720
20.090666
63.423167
221.660084
216.770700
20.090666
41.713563
218.482761
216.668149
20.090666
19.646756
211.427745
210.469165
20.090666
-0.887009
201.385254
199.515020
20.090666
-18.604902
189.174005
185.170266
20.090666
-33.092932
175.408637
168.523194
20.090666
-44.322548
161.235544
151.257177
20.090666
-52.101174
147.471421
134.576562
20.090666
-56.862415
134.432509
118.977036
20.090666
-59.269971
122.657666
105.134708
20.090666
-59.899593
111.934439
92.781241
20.090666
-59.307042
102.112960
81.713335
20.090666
-57.847667
93.067975
71.755016
20.090666
-55.760478
84.703612
62.765144
20.090666
-53.212815
76.940282
54.623009
20.090666
-50.323940
69.711670
47.224745
20.090666
-47.179504
62.962696
40.480316
20.090666
-43.840738
56.648536
34.311198
20.090666
-40.350508
50.734649
28.648512
20.090666
-36.737344
45.198046
23.431482
20.090666
-33.018089
40.030389
18.606110
20.090666
-29.199485
35.244044
14.124002
20.090666
-25.278852
30.883054
9.941267
20.090666
-21.243809
27.041714
6.017365
20.090666
-17.070757
23.943671
2.382172
20.090666
-12.805849
21.812591
-0.988131
20.090666
-8.436696
20.881437
-4.135821
20.090666
-3.910825
21.324331
-7.097704
20.090666
0.845490
23.178921
-9.910947
20.090666
5.949846
26.420517
-12.623301
20.090666
11.621580
31.285776
-15.341850
20.090666
18.433463
36.468343
-17.423264
20.090666
24.954660
41.451063
-18.903669
20.090666
30.938764
46.439936
-19.966726
20.090666
36.801666
51.502965
-20.655045
20.090666
42.688285
56.693132
-20.968891
20.090666
48.690677
62.060560
-20.881593
20.090666
54.880209
67.657596
-20.342791
20.090666
61.319542
73.542379
-19.276481
20.090666
68.068083
79.782757
-17.575173
20.090666
75.184884
86.461757
-15.089338
20.090666
82.730360
93.686420
-11.609350
20.090666
90.767469
101.404174
-6.966025
20.090666
99.149615
109.492926
-1.058447
20.090666
107.628740
118.101845
6.407322
20.090666
116.203947
127.334318
15.760446
20.090666
124.747754
137.314824
27.418431
20.090666
133.041181
148.191767
41.911429
20.090666
140.714595
159.985753
59.673001
20.090666
147.074604
172.756028
81.258288
20.090666
151.122801
185.945229
106.192838
20.090666
151.311184
198.144255
132.052218
20.090666
146.354784
208.269176
156.636223
20.090666
135.784787
215.142488
177.237166
20.090666
120.289826
218.153966
192.279364
20.090666
101.075042
217.045995
200.805577
20.090666
79.890232
212.164260
202.833367
20.090666
58.895359
203.989136
199.227083
20.090666
38.942295
193.189294
190.984043
20.090666
21.060962
180.850159
179.623343
20.090666
6.212900
168.001593
166.708957
20.090666
-5.387411
155.167380
153.207399
20.090666
-14.169467
142.533459
139.590335
20.090666
-20.656487
130.502438
126.468583
20.090666
-25.158482
119.499882
114.419610
20.090666
-28.013207
109.367178
103.331239
20.090666
-29.668161
99.996822
93.114663
20.090666
-30.420207
91.297297
83.681284
20.090666
-30.479572
83.191297
74.948238
20.090666
-29.998643
75.611072
66.837168
20.090666
-29.089385
68.498015
59.275596
20.090666
-27.834276
61.805258
52.200166
20.090666
-26.294445
55.494371
45.552543
20.090666
-24.514409
49.536364
39.278803
20.090666
-22.525366
43.913986
33.328527
20.090666
-20.347300
38.626564
27.653774
20.090666
-17.990146
33.699434
22.207853
20.090666
-15.454068
29.201759
16.943688
20.090666
-12.728682
25.278510
11.811409
20.090666
-9.790753
22.199210
6.754319
20.090666
-6.599186
20.397081
1.701047
20.090666
-3.084232
20.404125
-3.452806
20.090666
0.878404
22.564773
-8.739525
20.090666
5.399522
26.932402
-14.333817
20.090666
10.782445
32.659591
-19.665450
20.090666
16.621797
38.326033
-24.040441
20.090666
22.075034
43.974156
-27.852763
20.090666
27.464798
49.676234
-31.264494
20.090666
32.963992
55.478357
-34.333147
20.090666
38.671026
61.425103
-37.072424
20.090666
44.665914
67.561396
-39.465433
20.090666
51.023397
73.934032
-41.467466
20.090666
57.819162
80.593428
-43.003339
20.090666
65.133544
87.595988
-43.960222
20.090666
73.054235
95.007683
-44.174939
20.090666
81.678637
102.909950
-43.412676
20.090666
91.116203
111.410396
-41.330170
20.090666
101.491175
120.664340
-37.406842
20.090666
112.946785
130.209231
-31.341065
20.090666
124.773982
140.162357
-22.583438
20.090666
136.864312
150.403278
-10.707717
20.090666
148.670293
161.022379
4.966544
20.090666
159.686897
172.083112
25.258904
20.090666
169.029436
183.384776
50.653079
20.090666
175.101704
194.033112
79.889208
20.090666
175.678480
202.337325
108.434315
20.090666
169.643030
207.560048
133.443968
20.090666
157.703032
209.332104
153.416393
20.090666
140.995409
207.557500
166.718578
20.090666
121.989330
202.613209
173.813415
20.090666
102.163470
194.884244
175.379135
20.090666
82.573559
185.040731
172.283232
20.090666
64.458711
174.016502
165.828534
20.090666
48.775049
162.539810
157.291494
20.090666
35.706318
150.973089
147.533423
20.090666
24.962533
139.473790
137.067171
20.090666
16.183133
128.121425
126.211100
20.090666
9.067678
117.708204
115.921240
20.090666
3.721917
108.074933
106.190656
20.090666
-0.317437
99.120729
97.005448
20.090666
-3.350681
90.760274
88.331874
20.090666
-5.592176
82.921966
80.128618
20.090666
-7.198764
75.544821
72.351235
20.090666
-8.287579
68.576668
64.954394
20.090666
-8.947139
61.973222
57.892860
20.090666
-9.244570
60.049724
55.829671
20.090666
-9.240258
