37.456511
10.000000
20.074617
30.000000
85.096310
77.104441
20.074617
29.888075
150.316244
146.011785
20.074617
29.538817
217.252638
214.376777
20.074617
28.953690
279.671598
277.521486
20.074617
28.196405
339.548270
337.855451
20.074617
27.271454
397.774856
396.404546
20.074617
26.177899
454.917845
453.791534
20.074617
24.909829
511.384878
510.452022
20.074617
23.457114
567.496493
566.721977
20.074617
21.805528
623.522300
622.880087
20.074617
19.936521
677.524510
676.990099
20.074617
17.913056
729.785029
729.339203
20.074617
15.732939
780.720206
780.347321
20.074617
13.383129
830.576663
830.263107
20.074617
10.852441
879.550077
879.283390
20.074617
8.128113
927.799697
927.567945
20.074617
5.195730
975.458219
975.249500
20.074617
2.039087
1022.638420
1022.440462
20.074617
-1.359966
1069.437811
1069.237590
20.074617
-5.021720
1115.942008
1115.725385
20.074617
-8.968825
1162.227255
1161.978597
20.074617
-13.226564
1208.362405
1208.064173
20.074617
-17.823164
1254.410501
1254.042791
20.074617
-22.790180
1300.430122
1299.970139
20.074617
-28.162942
1346.476571
1345.898009
20.074617
-33.981108
1392.602987
1391.875303
20.074617
-40.289331
1438.861457
1437.948992
20.074617
-47.138086
1485.304200
1484.165114
20.074617
-54.584710
1531.984909
1530.569875
20.074617
-62.694728
1578.960388
1577.210967
20.074617
-71.543577
1626.292637
1624.139230
20.074617
-81.218906
1674.170269
1671.528182
20.074617
-91.851161
1722.913156
1719.676569
20.074617
-103.630355
1772.607612
1768.646248
20.074617
-116.727057
1823.397869
1818.549107
20.074617
-131.361884
1875.483836
1869.541497
20.074617
-147.821582
1928.525859
1921.240482
20.074617
-166.264870
1981.231706
1972.334585
20.074617
-186.473501
2033.810234
2022.970208
20.074617
-208.740544
2086.299156
2073.110538
20.074617
-233.353536
2138.754018
2122.713348
20.074617
-260.679497
2191.259307
2171.730479
20.074617
-291.206266
2243.953173
2220.111367
20.074617
-325.619978
2297.082039
2267.814676
20.074617
-364.965066
2351.141287
2314.846839
20.074617
-411.030991
2404.844137
2359.410921
20.074617
-464.814417
2456.244679
2398.929342
20.074617
-527.136555
2506.351268
2432.134400
20.074617
-605.075161
2543.177299
2449.000701
20.074617
-685.378256
2563.301933
2449.832430
20.074617
-753.946203
2572.465781
2439.138387
20.074617
-817.178763
2572.192317
2418.028455
20.074617
-876.874402
2562.629110
2386.280511
20.074617
-933.986235
2544.871544
2346.613252
20.074617
-984.568145
2520.007100
2300.362836
20.074617
-1028.768010
2489.462174
2249.522632
20.074617
-1066.145794
2452.969734
2193.389971
20.074617
-1098.042787
2409.680513
2130.880703
20.074617
-1124.946492
2357.809416
2060.017133
20.074617
-1146.818062
2294.432165
1977.856535
20.074617
-1162.798132
2229.942024
1898.174764
20.074617
-1170.115807
2171.965136
1829.345792
20.074617
-1170.693613
2116.917904
1766.135006
20.074617
-1166.921403
2063.424430
1706.501269
20.074617
-1159.814987
2013.059772
1651.831393
20.074617
-1150.417188
1964.866639
1600.757854
20.074617
-1139.241946
1918.339193
1552.521801
20.074617
-1126.631407
1873.151252
1506.620017
20.074617
-1112.829165
1829.078603
1462.695990
20.074617
-1098.019119
1785.722033
1420.253785
20.074617
-1082.256612
1742.961831
1379.100599
20.074617
-1065.642761
1700.713356
1339.090519
20.074617
-1048.265000
1658.907676
1300.102187
20.074617
-1030.197065
1617.487646
1262.032874
20.074617
-1011.502011
1576.404773
1224.793990
20.074617
-992.234196
1535.617002
1188.307881
20.074617
-972.440727
1495.087069
1152.505487
20.074617
-952.162516
1454.781244
1117.324566
20.074617
-931.435071
1414.668337
1082.708316
20.074617
-910.289083
1374.718893
1048.604286
20.074617
-888.750863
1334.904505
1014.963474
20.074617
-866.842659
1295.197221
981.739583
20.074617
-844.582880
1255.568997
948.888365
20.074617
-821.986244
1215.991196
916.367044
20.074617
-799.063851
1176.434082
884.133774
20.074617
-775.823194
1136.866315
852.147121
20.074617
-752.268111
1097.254416
820.365555
20.074617
-728.398668
1057.562178
788.746908
20.074617
-704.210965
1017.750004
757.247807
20.074617
-679.696873
977.774135
725.823025
20.074617
-654.843650
937.585726
694.424747
20.074617
-629.633444
897.129704
663.001682
20.074617
-604.042619
856.343340
631.497970
20.074617
-578.040862
815.154388
599.851800
20.074617
-551.589979
773.478633
567.993589
20.074617
-524.642249
731.216531
535.843530
20.074617
-497.138146
688.248493
503.308163
20.074617
-469.003083
644.428013
470.275388
20.074617
-440.142628
599.571216
436.606913
20.074617
-410.435203
553.440134
402.126155
20.074617
-379.720354
505.714113
366.597564
20.074617
-347.778665
457.734517
331.018739
20.074617
-315.506722
409.575277
295.437137
20.074617
-282.959035
361.027508
259.691227
20.074617
-249.996677
311.869509
223.610805
20.074617
-216.466645
261.838962
186.994373
20.074617
-182.180559
210.617209
149.591996
20.074617
-146.897424
157.811820
111.073611
20.074617
-110.291583
102.991693
70.966445
20.074617
-71.889236
46.683650
28.573340
20.074617
-30.982853
29.725264
-17.219376
20.074617
13.568130
88.460172
-63.133177
20.074617
58.620932
153.674358
-110.197342
20.074617
105.211044
216.851027
-155.177074
20.074617
150.138115
276.000732
-196.991004
20.074617
192.270534
332.666307
-236.827838
20.074617
232.758365
387.768891
-275.370289
20.074617
272.273624
441.878030
-313.029922
20.074617
311.232183
495.401851
-350.093052
20.074617
349.935507
548.660828
-386.776595
20.074617
388.625243
600.359093
-422.186194
20.074617
426.364712
650.086360
-456.047804
20.074617
462.849528
698.394568
-488.743195
20.074617
498.479761
745.546495
-520.451099
20.074617
533.448442
791.745295
-551.305838
20.074617
567.907998
837.151354
-581.409461
20.074617
601.982090
881.894095
-610.840136
20.074617
635.773964
926.079724
-639.657594
20.074617
669.371966
969.796528
-667.906797
20.074617
702.853346
1013.118624
-695.620452
20.074617
736.286998
1056.108699
-722.820773
20.074617
769.735491
1098.820067
-749.520717
20.074617
803.256649
1141.298253
-775.724844
20.074617
836.904820
1183.582260
-801.429890
20.074617
870.731937
1225.705591
-826.625116
20.074617
904.788440
1267.697126
-851.292475
20.074617
939.124132
1309.581880
-875.406602
20.074617
973.788987
1351.381695
-898.934646
20.074617
1008.833980
1393.115908
-921.835924
20.074617
1044.311961
1434.802018
-944.061390
20.074617
1080.278637
1476.456396
-965.552855
20.074617
1116.793707
1518.095090
-986.241922
20.074617
1153.922260
1559.734774
-1006.048517
20.074617
1191.736530
1601.393958
-1024.878882
20.074617
1230.318210
1643.094582
-1042.622791
20.074617
1269.761604
1684.864253
-1059.149635
20.074617
1310.178084
1726.739551
-1074.302748
20.074617
1351.702664
1768.771184
-1087.890950
20.074617
1394.504138
1811.032557
-1099.675335
20.074617
1438.801616
1853.635104
-1109.347451
20.074617
1484.893377
1896.758428
-1116.490312
20.074617
1533.211965
1939.033906
-1120.415656
20.074617
1582.440601
1979.959170
-1120.706072
20.074617
1632.131497
2019.919446
-1116.885209
20.074617
1682.925729
2059.066164
-1108.173501
20.074617
1735.310338
2097.641769
-1093.280505
20.074617
1790.093779
2136.145613
-1069.731720
20.074617
1848.888622
2174.596534
-1032.895748
20.074617
1913.529061
2211.209292
-974.727921
20.074617
1984.678569
2232.223290
-917.184981
20.074617
2034.991286
2244.568491
-854.788971
20.074617
2075.336246
2249.201824
-790.559929
20.074617
2105.592755
2247.375305
-725.737267
20.074617
2126.875218
2239.768141
-659.289493
20.074617
2140.442875
2226.776864
-592.204362
20.074617
2146.491604
2208.683449
-525.075378
20.074617
2145.268150
2185.020207
-456.759145
20.074617
2136.651913
2155.104783
-387.013398
20.074617
2119.975063
2120.565409
-320.451347
20.074617
2096.116790
2079.424746
-254.130791
20.074617
2063.739767
2027.106845
-184.101683
20.074617
2018.629669
1979.437051
-130.682795
20.074617
1975.016470
1936.044120
-88.835504
20.074617
1933.900747
1894.713712
-53.972814
20.074617
1893.838429
1854.494076
-24.064415
20.074617
1854.229271
1814.943360
1.965836
20.074617
1814.831272
1775.806160
24.800695
20.074617
1775.519488
1736.916753
44.916832
20.074617
1736.219829
1698.158530
62.668609
20.074617
1696.883039
1659.443995
78.331504
20.074617
1657.472641
1620.703728
92.126937
20.074617
1617.958656
1581.879760
104.237484
20.074617
1578.314016
1542.921259
114.816713
20.074617
1538.512315
1504.662146
123.804327
20.074617
1499.425781
1467.013198
131.406454
20.074617
1460.978123
1429.813580
137.806358
20.074617
1423.015563
1393.002944
143.138392
20.074617
1385.483891
1356.528673
147.516282
20.074617
1348.334527
1320.346747
151.036933
20.074617
1311.525977
1284.419181
153.783820
20.074617
1275.021639
1248.712334
155.829436
20.074617
1238.788395
1213.195638
157.237139
20.074617
1202.795556
1177.840623
158.062558
20.074617
1167.014040
1142.620121
158.354697
20.074617
1131.415724
1107.507621
158.156804
20.074617
1095.972886
1072.476696
157.507063
20.074617
1060.657719
1037.483923
156.438552
20.074617
1025.425219
1002.498609
154.980227
20.074617
990.243203
967.488991
153.157326
20.074617
955.078421
932.420910
150.991623
20.074617
919.895262
897.257189
148.501634
20.074617
884.655152
861.956854
145.702742
20.074617
849.315806
826.474193
142.607255
20.074617
813.830309
790.757592
139.224397
20.074617
778.145968
754.748029
135.560192
20.074617
742.202824
718.377087
131.617245
20.074617
705.931689
681.564256
127.394362
20.074617
669.251464
644.213152
122.885942
20.074617
632.065376
606.206009
118.081028
20.074617
594.255505
567.395347
112.961812
20.074617
555.674471
527.590666
107.501184
20.074617
516.132169
486.888743
101.709629
20.074617
475.723459
446.346758
95.743027
20.074617
435.494789
405.776688
89.584351
20.074617
395.254822
365.042998
83.219913
20.074617
354.863137
323.991819
76.629164
20.074617
314.158686
282.448417
69.783685
20.074617
272.954859
240.209431
62.644599
20.074617
231.026480
197.034779
55.158124
20.074617
188.088531
152.648783
47.247418
20.074617
143.757929
106.817325
38.796215
20.074617
97.477199
60.135410
29.610893
20.074617
48.337070
28.337688
19.734138
20.074617
-3.255479
59.581263
9.532607
20.074617
-55.281697
110.539601
-1.195857
20.074617
-108.694909
162.715630
-11.962868
20.074617
-161.028804
212.074207
-22.261623
20.074617
-209.944991
259.788733
-32.385731
20.074617
-256.979299
306.473784
-42.477467
20.074617
-302.851209
352.544046
-52.633281
20.074617
-348.014442
398.310130
-62.929776
20.074617
-392.794873
444.023877
-73.434982
20.074617
-437.448873
489.902662
-84.214374
20.074617
-482.192459
534.968784
-95.048857
20.074617
-526.074447
578.702042
-105.812111
20.074617
-568.591998
621.515688
-116.603437
20.074617
-610.149489
663.607144
-127.475424
20.074617
-650.938912
705.132797
-138.474749
20.074617
-691.110711
746.219802
-149.644587
20.074617
-730.785536
786.974419
-161.026433
20.074617
-770.062487
827.487617
-172.661433
20.074617
-809.024595
867.839017
-184.591443
20.074617
-847.742631
908.099779
-196.859938
20.074617
-886.277825
948.334825
-209.512851
20.074617
-924.683900
988.604617
-222.599426
20.074617
-963.008616
1028.966686
-236.173105
20.074617
-1001.295019
1069.476998
-250.292530
20.074617
-1039.582468
1110.191299
-265.022704
20.074617
-1077.907555
1151.166507
-280.436382
20.074617
-1116.304963
1192.462268
-296.615804
20.074617
-1154.808354
1234.142832
-313.654904
20.074617
-1193.451357
1276.279413
-331.662207
20.074617
-1232.268773
1318.953348
-350.764763
20.074617
-1271.298165
1362.260539
-371.113640
20.074617
-1310.582105
1405.398874
-392.425917
20.074617
-1349.349808
1448.423031
-414.802501
20.074617
-1387.611319
1491.388489
-438.355507
20.074617
-1425.370507
1534.335029
-463.200136
20.074617
-1462.609526
1577.307854
-489.467157
20.074617
-1499.306166
1620.359389
-517.306961
20.074617
-1535.433186
1663.551982
-546.895355
20.074617
-1570.957567
1706.961770
-578.441953
20.074617
-1605.839470
1750.864251
-612.345875
20.074617
-1640.169248
1795.396559
-648.968067
20.074617
-1673.883586
1840.731136
-688.768989
20.074617
-1706.893495
1887.123762
-732.386069
20.074617
-1739.092795
1934.974589
-780.760292
20.074617
-1770.349411
1984.974583
-835.425356
20.074617
-1800.495926
2038.519757
-899.306999
20.074617
-1829.318652
2093.558608
-971.764723
20.074617
-1854.254022
2152.549104
-1058.935789
20.074617
-1873.958284
2213.601462
-1163.284278
20.074617
-1883.188289
2253.134229
-1242.352260
20.074617
-1879.566899
2283.780391
-1313.991041
20.074617
-1867.800157
2307.254116
-1379.979462
20.074617
-1848.965995
2324.452953
-1441.791560
20.074617
-1823.160892
2335.316373
-1499.307372
20.074617
-1790.356662
2339.455135
-1551.259782
20.074617
-1751.068367
2336.879122
-1595.116692
20.074617
-1707.689603
2328.196489
-1631.045281
20.074617
-1661.260724
2313.465760
-1660.126645
20.074617
-1611.117735
2292.093945
-1682.611510
20.074617
-1556.313005
2262.549294
-1698.081414
20.074617
-1495.073853
2222.307070
-1704.915136
20.074617
-1425.310529
2179.447751
-1702.057857
20.074617
-1361.098293
2138.410832
-1693.105307
20.074617
-1306.059844
2097.412682
-1679.874299
20.074617
-1255.690769
2055.335938
-1662.928549
20.074617
-1207.754722
2013.643402
-1643.488963
20.074617
-1163.314570
1972.489230
-1622.202999
20.074617
-1121.948396
1931.672371
-1599.380806
20.074617
-1083.021788
1891.087371
-1575.258242
20.074617
-1046.121372
1850.670126
-1550.018763
20.074617
-1010.949434
1810.307654
-1523.761801
20.074617
-977.220951
1769.914839
-1496.563835
20.074617
-944.718072
1729.471521
-1468.517691
20.074617
-913.304189
1688.960931
-1439.700556
20.074617
-882.863719
1648.370323
-1410.178490
20.074617
-853.298517
1607.689360
-1380.008267
20.074617
-824.523663
1566.909054
-1349.238762
20.074617
-796.464536
1526.020957
-1317.911952
20.074617
-769.054651
1485.016504
-1286.063638
20.074617
-742.234024
1443.886464
-1253.723949
20.074617
-715.947896
1402.620438
-1220.917684
20.074617
-690.145718
1361.206400
-1187.664517
20.074617
-664.780316
1319.630233
-1153.979088
20.074617
-639.807178
1277.875259
-1119.870989
20.074617
-615.183839
1235.921738
-1085.344649
20.074617
-590.869313
1194.047882
-1050.649787
20.074617
-566.994163
1152.283967
-1015.832594
20.074617
-543.543459
1110.566177
-980.858528
20.074617
-520.452487
1068.835499
-945.694043
20.074617
-497.663653
1027.030874
-910.301305
20.074617
-475.122048
985.087999
-874.637472
20.074617
-452.774411
942.937740
-838.653574
20.074617
-430.567967
900.504337
-802.293134
20.074617
-408.449259
857.703227
-765.490408
20.074617
-386.362874
814.438279
-728.168047
20.074617
-364.249936
770.598106
-690.233895
20.074617
-342.046226
726.050949
-651.576474
20.074617
-319.679666
680.637258
-612.058343
20.074617
-297.066780
634.158416
-571.505950
20.074617
-274.107379
586.358600
-529.693224
20.074617
-250.676099
537.224322
-486.603695
20.074617
-226.768221
488.185531
-443.489934
20.074617
-203.073389
438.980681
-400.122067
20.074617
-179.453000
389.431973
-356.338527
20.074617
-155.811185
339.336415
-311.947997
20.074617
-132.040370
288.465242
-266.723183
20.074617
-108.018280
236.558627
-220.382088
20.074617
-83.598617
183.336017
-172.556271
20.074617
-58.595548
128.603058
-122.730972
20.074617
-32.754617
73.156152
-70.117384
20.074617
-5.690763
33.497514
-13.324432
20.074617
23.271285
72.360318
45.180567
20.074617
52.836935
135.372340
105.151391
20.074617
82.860516
202.596102
166.699169
20.074617
113.373619
264.480827
222.885238
20.074617
140.958464
323.599371
276.445382
20.074617
167.007525
380.977800
328.418990
20.074617
192.047027
437.240523
379.415889
20.074617
216.378992
492.825562
429.856003
20.074617
240.203790
548.071798
480.061778
20.074617
263.667204
603.261164
530.301508
20.074617
286.882122
656.185991
578.570596
20.074617
308.922529
707.465819
625.433154
20.074617
330.057973
757.474591
671.231188
20.074617
350.447511
806.453039
716.186353
20.074617
370.189979
854.591205
760.475074
20.074617
389.359473
902.043046
804.241806
20.074617
408.011989
948.936153
847.607871
20.074617
426.189780
995.378288
890.677403
20.074617
443.924217
1041.461942
933.541506
20.074617
461.237730
1087.267629
976.281280
20.074617
478.145133
1132.866340
1018.970089
20.074617
494.654539
1178.321440
1061.675325
20.074617
510.767982
1223.690167
1104.459835
20.074617
526.481820
1269.024865
1147.383109
20.074617
541.786967
1314.374040
1190.502318
20.074617
556.668985
1359.783295
1233.873258
20.074617
571.108047
1405.296194
1277.551258
20.074617
585.078784
1450.955115
1321.592088
20.074617
598.550004
1496.802123
1366.052925
20.074617
611.484268
1542.879914
1410.993426
20.074617
623.837313
1589.232903
1456.476983
20.074617
635.557257
1635.908509
1502.572253
20.074617
646.583547
1682.958789
1549.355103
20.074617
656.845537
1730.442557
1596.911177
20.074617
666.260569
1778.428289
1645.339425
20.074617
674.731328
1826.998250
1694.757139
20.074617
682.142108
1876.430124
1745.488355
20.074617
688.373025
1927.024150
1797.894304
20.074617
693.249708
1978.968967
1852.236017
20.074617
696.517709
2032.558571
1908.901857
20.074617
697.843145
2088.250692
1968.480344
20.074617
696.758994
2146.038222
2031.092213
20.074617
692.633728
2203.335050
2094.025153
20.074617
685.084674
2260.814754
2158.079323
20.074617
673.479026
2318.907408
2223.838153
20.074617
656.865624
2378.373930
2292.335465
20.074617
633.606880
2440.939459
2365.894262
20.074617
600.272267
2506.161519
2444.601132
20.074617
551.695454
2561.987762
2514.302860
20.074617
491.588680
2598.349715
2561.691051
20.074617
434.461979
2624.087666
2597.366195
20.074617
372.990530
2638.401172
2619.794868
20.074617
312.141962
2642.953864
2630.930029
20.074617
251.016569
2638.220556
2631.326946
20.074617
189.534207
2624.634728
2621.364401
20.074617
129.433926
2601.813958
2600.810020
20.074617
69.427087
2572.387199
2572.264381
20.074617
15.128345
2535.852499
2535.516912
20.074617
-36.040198
2490.726182
2489.177050
20.074617
-85.507521
2432.608745
2428.750857
20.074617
-135.468051
2370.369009
2363.627294
20.074617
-177.516940
2313.294375
2303.787352
20.074617
-208.546670
2259.036429
2246.915405
20.074617
-232.838483
2206.042632
2191.448842
20.074617
-252.533324
2153.715666
2136.798777
20.074617
-268.661807
2101.733203
2082.651401
20.074617
-281.855652
2049.888126
2028.806094
20.074617
-292.547725
1998.157272
1975.248440
20.074617
-301.036701
1948.266763
1923.761927
20.074617
-307.376705
1899.769019
1873.871307
20.074617
-311.970613
1852.431435
1825.325245
20.074617
-315.098369
1806.086367
1777.940489
20.074617
-316.974116
1760.609321
1731.579092
20.074617
-317.767272
1715.904151
1686.132994
20.074617
-317.615479
1671.894210
1641.514822
20.074617
-316.632828
1628.507741
1597.642968
20.074617
-314.914940
1585.448979
1554.210973
20.074617
-312.527960
1542.685802
1511.180317
20.074617
-309.532778
1500.177287
1468.503993
20.074617
-305.981903
1457.885759
1426.138679
20.074617
-301.921125
1415.775161
1384.043085
20.074617
-297.390410
1373.810278
1342.177163
20.074617
-292.424612
1331.956038
1300.501396
20.074617
-287.054034
1290.176888
1258.976166
20.074617
-281.304864
1248.436196
1217.561157
20.074617
-275.199515
1206.695666
1176.214768
20.074617
-268.756882
1164.914727
1134.893497
20.074617
-261.992521
1123.049864
1093.551291
20.074617
-254.918774
1081.053881
1052.138806
20.074617
-247.544816
1038.875017
1010.602547
20.074617
-239.876641
996.455905
968.883842
20.074617
-231.916969
953.732265
926.917571
20.074617
-223.665061
910.631252
884.630552
20.074617
-215.116418
867.069296
841.939442
20.074617
-206.262335
822.949208
798.747924
20.074617
-197.089228
778.156182
754.942826
20.074617
-187.577671
732.552096
710.388593
20.074617
-177.700957
685.967071
664.919091
20.074617
-167.422924
638.186384
618.324907
20.074617
-156.694545
588.928991
570.332498
20.074617
-145.448298
538.733279
521.466209
20.074617
-133.804142
488.490245
472.591026
20.074617
-121.973160
437.962159
423.471943
20.074617
-109.906212
386.953951
373.914945
20.074617
-97.560155
335.237593
323.692241
20.074617
-84.879834
282.542817
272.530680
20.074617
-71.794719
228.537995
220.086413
20.074617
-58.211645
172.806211
165.900083
20.074617
-44.001804
114.851177
109.308088
20.074617
-28.974895
54.697739
49.239220
20.074617
-12.819970
25.596772
-15.159640
20.074617
4.731788
85.567965
-80.034737
20.074617
22.656726
153.756477
-146.727421
20.074617
41.341601
220.306867
-211.128861
20.074617
59.638323
282.478331
-271.067547
20.074617
76.898647
342.178052
-328.498967
20.074617
93.654993
400.300017
-384.321149
20.074617
110.156105
457.413703
-439.096572
20.074617
126.564236
513.931517
-493.227046
20.074617
143.002431
570.180585
-547.027262
20.074617
159.574697
626.146356
-600.482024
20.074617
176.288422
679.761465
-651.618333
20.074617
192.525863
731.827913
-701.204623
20.074617
208.521418
782.659784
-749.540875
20.074617
224.369837
832.495493
-796.853200
20.074617
240.147316
881.525402
-843.320483
20.074617
255.919142
929.905865
-889.087933
20.074617
271.743582
977.768440
-934.275919
20.074617
287.674536
1025.226175
-978.985951
20.074617
303.763441
1072.378091
-1023.304884
20.074617
320.060764
1119.312510
-1067.307987
20.074617
336.617239
1166.109656
-1111.061249
20.074617
353.484992
1212.843775
-1154.623194
20.074617
370.718644
1259.584987
-1198.046360
20.074617
388.376453
1306.401016
-1241.378591
20.074617
406.521608
1353.358933
-1284.664231
20.074617
425.223737
1400.527083
-1327.945344
20.074617
444.560777
1447.977366
-1371.263082
20.074617
464.621376
1495.788174
-1414.659377
20.074617
485.508103
1544.048422
-1458.179247
20.074617
507.341919
1592.863446
-1501.874199
20.074617
530.268666
1642.005199
-1545.490511
20.074617
554.289783
1690.751364
-1588.340958
20.074617
579.146085
1739.215564
-1630.480210
20.074617
604.981053
1787.408921
-1671.863789
20.074617
631.901204
1835.344105
-1712.438911
20.074617
660.028765
1883.250388
-1752.319298
20.074617
689.642017
1931.173618
-1791.440049
20.074617
720.951527
1979.120897
-1829.679113
20.074617
754.182258
2027.118950
-1866.896887
20.074617
789.622860
2075.216437
-1902.922370
20.074617
827.651329
2123.501055
-1937.539908
20.074617
868.788147
2172.135604
-1970.466369
20.074617
913.801062
2221.445429
-2001.307632
20.074617
963.942200
2269.173141
-2027.916845
20.074617
1017.986749
2314.416936
-2049.015401
20.074617
1075.945466
2358.222760
-2063.653006
20.074617
1141.116937
2400.443952
-2068.373015
20.074617
1218.015290
2434.329691
-2057.214275
20.074617
1301.317595
2451.291852
-2035.705016
20.074617
1365.406108
2458.692500
-2005.261579
20.074617
1422.565226
2457.680641
-1966.115972
20.074617
1474.509791
2448.775256
-1919.636806
20.074617
1520.227548
2433.285595
-1868.873381
20.074617
1558.136093
2411.758470
-1813.703059
20.074617
1589.546206
2385.317911
-1756.098674
20.074617
1614.142495
2353.799560
-1695.268750
20.074617
1632.799204
2316.565074
-1630.248615
20.074617
1645.709636
2272.299261
-1559.549476
20.074617
1652.497011
2218.770248
-1481.033192
20.074617
1651.992465
2156.716565
-1397.319228
20.074617
1642.717969
2098.341126
-1324.322543
20.074617
1627.514146
2045.997893
-1262.871114
20.074617
1609.615152
1997.246355
-1208.626340
20.074617
1589.909552
1950.759971
-1159.321800
20.074617
1568.768446
1905.843825
-1113.734332
20.074617
1546.426052
1862.085517
-1071.111471
20.074617
1523.049474
1819.217041
-1030.945613
20.074617
1498.765758
1777.052355
-992.870924
20.074617
1473.675477
1735.455731
-956.610406
20.074617
1447.860538
1694.324214
-921.946163
20.074617
1421.389047
1653.577187
-888.701510
20.074617
1394.318525
1613.149811
-856.729599
20.074617
1366.698107
1572.988690
-825.905870
20.074617
1338.570103
1533.048883
-796.122838
20.074617
1309.971112
1493.291776
-767.286386
20.074617
1280.932840
1453.683495
-739.313058
20.074617
1251.482686
1414.193689
-712.128023
20.074617
1221.644170
1374.794560
-685.663506
20.074617
1191.437220
1335.460060
-659.857563
20.074617
1160.878364
1296.165191
-634.653085
20.074617
1129.980829
1256.885393
-609.996982
20.074617
1098.754560
1217.595953
-585.839485
20.074617
1067.206172
1178.271452
-562.133543
20.074617
1035.338835
1138.885185
-538.834275
20.074617
1003.152081
1099.408576
-515.898457
20.074617
970.641545
1060.129163
-493.464505
20.074617
938.063768
1021.004248
-471.477840
20.074617
905.403407
981.975187
-449.878880
20.074617
872.628943
942.983268
-428.611864
20.074617
839.706093
903.967469
-407.623239
20.074617
806.596237
864.863095
-386.860642
20.074617
773.255473
825.600146
-366.271831
20.074617
739.633394
786.101349
-345.803521
20.074617
705.671500
746.279652
-325.400023
20.074617
671.301091
706.034891
-305.001547
20.074617
636.440361
665.249157
-284.541950
20.074617
600.990290
623.780064
-263.945562
20.074617
564.828574
581.450483
-243.122422
20.074617
527.800305
538.031943
-221.960660
20.074617
489.702815
493.739462
-200.565154
20.074617
450.720850
449.656240
-179.450562
20.074617
411.807285
405.561803
-158.497473
20.074617
372.767940
361.296471
-137.618110
20.074617
333.456752
316.681446
-116.716332
20.074617
293.702989
271.517631
-95.684536
20.074617
253.304763
225.581637
-74.395755
20.074617
212.012632
178.633998
-52.690524
20.074617
169.501692
130.495551
-30.352320
20.074617
125.318934
81.594165
-7.055206
20.074617
78.770817
39.226288
17.771348
20.074617
28.633732
52.468990
42.871722
20.074617
-22.627862
103.362898
68.224814
20.074617
-75.008488
160.939302
94.060833
20.074617
-129.038864
214.450435
117.360158
20.074617
-178.360848
265.715393
139.309385
20.074617
-225.376518
315.542177
160.362672
20.074617
-271.012340
364.446923
180.779271
20.074617
-315.812326
412.800703
200.729540
20.074617
-360.151471
460.894331
220.335458
20.074617
-404.317795
508.971238
239.689203
20.074617
-448.550797
555.741553
258.269163
20.074617
-491.673391
600.977739
275.992802
20.074617
-533.478421
645.101086
293.030756
20.074617
-574.356507
688.325287
309.465341
20.074617
-614.507863
730.817279
325.355982
20.074617
-654.090506
772.710427
340.745102
20.074617
-693.232421
814.113679
355.662086
20.074617
-732.040008
855.117656
370.125838
20.074617
-770.603711
895.798877
384.146458
20.074617
-809.001938
936.222780
397.726341
20.074617
-847.303878
976.445967
410.860872
20.074617
-885.571612
1016.517910
423.538847
20.074617
-923.861741
1056.482302
435.742649
20.074617
-962.226693
1096.378158
447.448256
20.074617
-1000.715811
1136.240751
458.625071
20.074617
-1039.376303
1176.102444
469.235593
20.074617
-1078.254110
1215.993471
479.234918
20.074617
-1117.394749
1255.942718
488.570043
20.074617
-1156.844170
1295.978539
497.178935
20.074617
-1196.649694
1336.129689
504.989305
20.074617
-1236.861091
1376.426416
511.916981
20.074617
-1277.531876
1416.901852
517.863752
20.074617
-1318.720972
1457.593828
522.714430
20.074617
-1360.494910
1498.547397
526.332804
20.074617
-1402.930893
1539.818472
528.555861
20.074617
-1446.121240
1581.479357
529.185293
20.074617
-1490.180154
1623.630134
527.974288
20.074617
-1535.257299
1666.423808
524.604524
20.074617
-1581.567391
1709.455719
518.752014
20.074617
-1628.721036
1751.468415
510.319868
20.074617
-1675.354366
1792.869026
498.994975
20.074617
-1721.911835
1833.889871
484.359191
20.074617
-1768.656338
1874.639933
465.885207
20.074617
-1815.715523
1915.290072
442.819673
20.074617
-1863.288439
1956.108813
414.011770
20.074617
-1911.688508
1997.589717
377.490972
20.074617
-1961.494903
2040.851721
329.168557
20.074617
-2014.030988
2085.273231
263.950811
20.074617
-2068.403111
2127.898424
176.460270
20.074617
-2120.474119
2153.671761
99.928809
20.074617
-2151.258538
2170.216283
27.478801
20.074617
-2169.949456
2179.882487
-42.782439
20.074617
-2179.370168
2183.664626
-112.196416
20.074617
-2180.688005
2181.793853
-181.174826
20.074617
-2174.165842
2174.411713
-247.755350
20.074617
-2160.157539
2161.233301
-313.244308
20.074617
-2138.318123
2142.485595
-375.087540
20.074617
-2109.301039
2118.754818
-431.571639
20.074617
-2074.238393
2089.170299
-484.298796
20.074617
-2032.162450
2051.719940
-534.463835
20.074617
-1980.782706
2007.779042
-578.243995
20.074617
-1922.604373
1966.315103
-609.248509
20.074617
-1869.440651
1927.374086
-631.583847
20.074617
-1820.843134
1889.166694
-648.438379
20.074617
-1774.281679
1851.122864
-661.123491
20.074617
-1728.921224
1812.967966
-670.389049
20.074617
-1684.348057
1774.530104
-676.730131
20.074617
-1640.301932
1735.680932
-680.498351
20.074617
-1596.592403
1696.246322
-681.954377
20.074617
-1552.992860
1657.358610
-681.335080
20.074617
-1510.700857
1618.968157
-678.950818
20.074617
-1469.585210
1580.956077
-675.042260
20.074617
-1429.453418
1543.246111
-669.799852
20.074617
-1390.170395
1505.782535
-663.378724
20.074617
-1351.631134
1468.522111
-655.907731
20.074617
-1313.750071
1431.430173
-647.495542
20.074617
-1276.455589
1394.477936
-638.234843
20.074617
-1239.686254
1357.640630
-628.205337
20.074617
-1203.388194
1320.896132
-617.475938
20.074617
-1167.513198
1284.223936
-606.106410
20.074617
-1132.017291
1247.604350
-594.148607
20.074617
-1096.859634
1211.017833
-581.647424
20.074617
-1062.001637
1174.444432
-568.641524
20.074617
-1027.406225
1137.863279
-555.163905
20.074617
-993.037205
1101.252116
-541.242322
20.074617
-958.858687
1064.586826
-526.899594
20.074617
-924.834546
1027.840947
-512.153814
20.074617
-890.927883
990.985148
-497.018460
20.074617
-857.100475
953.986628
-481.502411
20.074617
-823.312167
916.808427
-465.609866
20.074617
-789.520205
879.408583
-449.340137
20.074617
-755.678441
841.739098
-432.687315
20.074617
-721.736382
803.744623
-415.639749
20.074617
-687.638007
765.360751
-398.179296
20.074617
-653.320241
726.511733
-380.280239
20.074617
-618.710957
687.107366
-361.907740
20.074617
-583.726245
647.038586
-343.015586
20.074617
-548.266586
606.171044
-323.542834
20.074617
-512.211264
564.335295
-303.408628
20.074617
-475.409865
521.311065
-282.503828
20.074617
-437.668623
476.866033
-260.708992
20.074617
-398.784459
432.511027
-238.766076
20.074617
-360.074380
388.002475
-216.562074
20.074617
-321.315730
343.178210
-194.018308
20.074617
-282.356495
297.850595
-171.036668
20.074617
-243.019432
251.805738
-147.495814
20.074617
-203.096342
204.798436
-123.240163
20.074617
-162.330747
156.563878
-98.060778
20.074617
-120.388295
106.940148
-71.658579
20.074617
-76.800086
57.024966
-43.563962
20.074617
-30.838899
30.395057
-12.922499
20.074617
18.811653
74.280239
18.423076
20.074617
69.102488
132.270567
50.769472
20.074617
120.478103
192.426627
83.631844
20.074617
172.135793
248.339815
114.156035
20.074617
219.631675
302.034776
143.579236
20.074617
264.966071
354.390595
172.419837
20.074617
308.967803
405.959063
200.998898
20.074617
352.135221
457.139282
229.550879
20.074617
394.816067
508.250075
258.268016
20.074617
437.278836
559.565993
287.322178
20.074617
479.746887
609.077915
315.582125
20.074617
520.558199
657.238827
343.301474
20.074617
560.092835
704.417001
370.692300
20.074617
598.654775
750.840360
397.891204
20.074617
636.428194
796.692183
425.013176
20.074617
673.557158
842.124605
452.159031
20.074617
710.157075
887.267864
479.420650
20.074617
746.322392
932.236675
506.884739
20.074617
782.131759
977.134886
534.635758
20.074617
817.651638
1021.935234
562.680340
20.074617
852.841994
1066.459058
590.929223
20.074617
887.544132
1110.796172
619.462227
20.074617
921.808925
1154.994908
648.336545
20.074617
955.651596
1199.098761
677.609637
20.074617
989.080395
1243.147245
707.339895
20.074617
1022.097038
1287.176928
737.587482
20.074617
1054.697189
1331.222383
768.415185
20.074617
1086.870805
1375.317085
799.889307
20.074617
1118.602338
1419.494310
832.080672
20.074617
1149.870802
1463.788079
865.065768
20.074617
1180.649722
1508.234176
898.928128
20.074617
1210.906916
1552.871323
933.760025
20.074617
1240.604116
1597.742587
969.664645
20.074617
1269.696365
1642.897143
1006.758941
20.074617
1298.131144
1688.392597
1045.177495
20.074617
1325.847116
1734.298160
1085.077919
20.074617
1352.772349
1780.699211
1126.648658
20.074617
1378.821776
1827.704143
1170.120712
20.074617
1403.893501
1875.455199
1215.786060
20.074617
1427.863253
1924.146691
1264.028303
20.074617
1450.575729
1974.058010
1315.377400
20.074617
1471.830266
2025.619670
1370.617310
20.074617
1491.355172
2079.565192
1431.028815
20.074617
1508.756086
2136.230714
1497.697569
20.074617
1523.148274
2192.607219
1567.738828
20.074617
1532.748640
2250.655628
1644.395225
20.074617
1536.558529
2313.247127
1733.435283
20.074617
1531.636836
2378.661671
1836.207093
20.074617
1511.943077
2419.240678
1907.589997
20.074617
1487.757666
2451.045463
1970.584457
20.074617
1457.401033
2475.471858
2027.088237
20.074617
1420.729111
2492.867760
2078.159149
20.074617
1376.677607
2501.938838
2120.095992
20.074617
1328.340297
2503.088822
2153.108668
20.074617
1276.390898
2496.795445
2176.807626
20.074617
1222.739982
2483.226604
2192.092759
20.074617
1166.507914
2461.726732
2198.852250
20.074617
1106.681658
2432.537646
2196.394132
20.074617
1045.317764
2394.656599
2184.175823
20.074617
981.505585
2340.552958
2157.556738
20.074617
907.046901
2288.353517
2125.894865
20.074617
846.598992
2239.587225
2092.864661
20.074617
797.035419
2192.430920
2058.629526
20.074617
753.919638
2146.114873
2023.310345
20.074617
715.277082
2100.284847
1987.038680
20.074617
680.052007
2054.751675
1949.931519
20.074617
647.586694
2009.405190
1912.089353
20.074617
617.430589
1964.177540
1873.598144
20.074617
589.254118
1919.025385
1834.531738
20.074617
562.804353
1873.920408
1794.953991
20.074617
537.879983
1828.843880
1754.920466
20.074617
514.316151
1783.783357
1714.479778
20.074617
491.974761
1738.707280
1673.653441
20.074617
470.727284
1693.408275
1632.293562
20.074617
450.384639
1648.119793
1590.647944
20.074617
430.969814
1603.446304
1549.309779
20.074617
412.645451
1559.254424
1508.191461
20.074617
395.259264
1515.467378
1467.250723
20.074617
378.700014
1472.018588
1426.449598
20.074617
362.873636
1428.849783
1385.753789
20.074617
347.699797
1385.908172
1345.130837
20.074617
333.108844
1343.144446
1304.548869
20.074617
319.039592
1300.511252
1263.975616
20.074617
305.437667
1257.961949
1223.377598
20.074617
292.254216
1215.449539
1182.719388
20.074617
279.444883
1172.925693
1141.962900
20.074617
266.968963
1130.339788
1101.066650
20.074617
254.788694
1087.637914
1059.984938
20.074617
242.868635
1044.761777
1018.666901
20.074617
231.175094
1001.647425
977.055375
20.074617
219.675594
958.223711
935.085469
20.074617
208.338322
914.410364
892.682739
20.074617
197.131555
870.115469
849.760781
20.074617
186.022996
825.232098
806.217950
20.074617
174.978978
779.633611
761.932784
20.074617
163.963440
733.166887
716.757361
20.074617
152.936520
685.642134
670.507279
20.074617
141.852507
636.816761
622.945772
20.074617
130.656658
586.368184
573.756888
20.074617
119.279880
535.747414
524.354797
20.074617
108.047895
484.983558
474.768556
20.074617
96.958136
433.877134
424.802657
20.074617
85.959757
382.217846
374.248670
20.074617
75.002831
329.761331
322.861114
20.074617
64.033165
276.214586
270.339916
20.074617
52.989031
221.213388
216.299564
20.074617
41.795590
164.293813
160.212522
20.074617
30.354810
104.911370
101.292823
20.074617
18.524825
43.590131
38.213465
20.074617
6.069621
35.086251
-27.968812
20.074617
-6.767590
99.321273
-95.279965
20.074617
-19.581963
169.560604
-165.176315
20.074617
-32.628103
235.039629
-229.919474
20.074617
-44.471028
296.963694
-291.052387
20.074617
-55.434224
356.751875
-350.054979
20.074617
-65.805939
415.170784
-407.710931
20.074617
-75.733656
472.732281
-464.537738
20.074617
-85.308324
529.818885
-520.920034
20.074617
-94.590583
586.740864
-577.169206
20.074617
-103.622194
642.255110
-632.059721
20.074617
-112.201355
695.767733
-685.004733
20.074617
-120.242521
747.856912
-736.575960
20.074617
-127.839062
798.797488
-787.045588
20.074617
-135.032145
848.805258
-836.627733
20.074617
-141.849961
898.053750
-885.495016
20.074617
-148.310907
946.686060
-933.790235
20.074617
-154.425723
994.822675
-981.634095
20.074617
-160.198841
1042.566867
-1029.130527
20.074617
-165.629229
1090.008551
-1076.370491
20.074617
-170.710920
1137.227140
-1123.434794
20.074617
-175.433296
1184.293725
-1170.396237
20.074617
-179.781213
1231.272812
-1217.321324
20.074617
-183.734977
1278.223742
-1264.271655
20.074617
-187.270198
1325.201917
-1311.305129
20.074617
-190.357525
1372.259902
-1358.477021
20.074617
-192.962256
1419.448482
-1405.840999
20.074617
-195.043808
1466.817723
-1453.450160
20.074617
-196.555017
1514.418124
-1501.358127
20.074617
-197.441229
1562.301925
-1549.620307
20.074617
-197.639111
1610.524700
-1598.295413
20.074617
-197.075092
1659.147394
-1647.447409
20.074617
-195.663278
1708.239044
-1697.148121
20.074617
-193.302606
1757.880626
-1747.480930
20.074617
-189.872869
1808.170724
-1798.546248
20.074617
-185.228971
1859.252458
-1850.488501
20.074617
-179.189896
1911.631463
-1903.819564
20.074617
-171.472823
1965.537259
-1958.768098
20.074617
-161.744433
2021.366516
-2015.727839
20.074617
-149.535554
2077.071279
-2072.587629
20.074617
-134.917108
2132.575415
-2129.235876
20.074617
-117.598866
2188.074124
-2185.825250
20.074617
-97.125481
2243.733903
-2242.459595
20.074617
-72.895823
2299.814761
-2299.305687
20.074617
-44.026167
2356.779753
-2356.676750
20.074617
-9.083670
2415.612350
-2415.280416
20.074617
34.648886
2474.562332
-2472.869890
20.074617
89.276269
2533.695092
-2528.472448
20.074617
161.353359
2576.526973
-2565.775223
20.074617
234.277085
2603.928295
-2586.081266
20.074617
303.682826
2618.768206
-2592.656892
20.074617
368.339743
2623.560906
-2587.878829
20.074617
430.757479
2618.839198
-2572.124616
20.074617
492.027150
2604.934160
-2546.128299
20.074617
550.008792
2582.481972
-2510.827759
20.074617
603.783168
2553.729207
-2469.394159
20.074617
650.555426
2518.582246
-2421.474144
20.074617
692.326881
2476.225798
-2366.087682
20.074617
730.013900
2424.700280
-2301.061005
20.074617
764.124798
2359.693986
-2221.715370
20.074617
794.816665
2296.306516
-2146.625709
20.074617
815.241491
2239.064708
-2080.437981
20.074617
827.517725
2184.195579
-2018.265848
20.074617
834.811539
2130.336203
-1958.334959
20.074617
838.363606
2076.885679
-1899.847133
20.074617
838.827755
2025.739322
-1844.736395
20.074617
836.758295
1976.540103
-1792.462144
20.074617
832.698777
1928.860107
-1742.451545
20.074617
827.019307
1882.426276
-1694.327666
20.074617
819.987472
1836.884855
-1647.653952
20.074617
811.775482
1792.017954
-1602.153089
20.074617
802.515319
1747.731736
-1557.685148
20.074617
792.325823
1703.947721
-1514.132395
20.074617
781.305278
1660.601591
-1471.396569
20.074617
769.536737
1617.639070
-1429.393645
20.074617
757.091128
1575.013208
-1388.050339
20.074617
744.029485
1532.682400
-1347.301560
20.074617
730.404582
1490.608894
-1307.088528
20.074617
716.262150
1448.757644
-1267.357304
20.074617
701.641777
1407.095376
-1228.057649
20.074617
686.577611
1365.589818
-1189.142069
20.074617
671.098874
1324.209032
-1150.565024
20.074617
655.230261
1282.920810
-1112.282226
20.074617
638.992227
1241.692106
-1074.249999
20.074617
622.401187
1200.488480
-1036.424679
20.074617
605.469639
1159.273522
-998.762015
20.074617
588.206211
1118.008248
-961.216547
20.074617
570.615635
1076.650416
-923.740948
20.074617
552.698642
1035.153745
-886.285276
20.074617
534.451769
993.466994
-848.796120
20.074617
515.867060
951.532834
-811.215569
20.074617
496.931630
909.286430
-773.479937
20.074617
477.627058
866.653628
-735.518158
20.074617
457.928552
823.548557
-697.249661
20.074617
437.803775
779.870375
-658.581521
20.074617
417.211208
735.498722
-619.404477
20.074617
396.097807
690.287134
-579.587185
20.074617
374.395555
644.053111
-538.967542
20.074617
352.016204
596.562365
-497.338927
20.074617
328.842906
547.502200
-454.426920
20.074617
304.716004
498.044132
-411.251946
20.074617
280.208500
448.476295
-368.055601
20.074617
255.466380
398.586401
-324.640038
20.074617
230.384407
348.169138
-280.809220
20.074617
204.853460
296.990368
-236.331725
20.074617
178.738927
244.783881
-190.923396
20.074617
151.869731
191.262160
-144.214659
20.074617
124.017563
136.224445
-95.688246
20.074617
94.857097
80.421745
-44.543359
20.074617
63.879230
37.767807
10.666284
20.074617
30.160361
70.000146
66.909518
20.074617
-4.488484
132.172674
124.311271
20.074617
-40.166323
197.980379
181.651165
20.074617
-76.132087
259.326006
234.251344
20.074617
-109.422553
318.209643
284.354703
20.074617
-141.410004
375.538578
332.885718
20.074617
-172.665374
431.896721
380.398830
20.074617
-203.539967
487.710763
427.279634
20.074617
-234.288097
543.322512
473.824642
20.074617
-265.116146
598.878751
520.156908
20.074617
-296.124231
652.078672
564.363147
20.074617
-326.033498
703.759829
607.148898
20.074617
-355.309896
754.267455
648.802712
20.074617
-384.150289
803.848580
689.527249
20.074617
-412.700523
852.701405
729.481147
20.074617
-441.082705
900.990006
768.791603
20.074617
-469.403314
948.854163
807.562646
20.074617
-497.758782
996.416189
845.880707
20.074617
-526.239547
1043.785970
883.818556
20.074617
-554.933258
1091.064954
921.438196
20.074617
-583.927559
1138.153943
958.639149
20.074617
-613.190338
1184.867020
995.253094
20.074617
-642.633757
1231.284078
1031.319882
20.074617
-672.336814
1277.441126
1066.841028
20.074617
-702.355366
1323.368129
1101.809383
20.074617
-732.745725
1369.089672
1136.209246
20.074617
-763.565380
1414.625840
1170.016536
20.074617
-794.873941
1459.993014
1203.198756
20.074617
-826.734155
1505.204637
1235.714750
20.074617
-859.213050
1550.271978
1267.514219
20.074617
-892.383281
1595.204937
1298.536946
20.074617
-926.324782
1640.012958
1328.711651
20.074617
-961.126869
1684.706114
1357.954345
20.074617
-996.891015
1729.296513
1386.165984
20.074617
-1033.734639
1773.800224
1413.229115
20.074617
-1071.796489
1818.240103
1439.002987
20.074617
-1111.244565
1862.650229
1463.316239
20.074617
-1152.288362
1907.083353
1485.955518
20.074617
-1195.198780
1951.624424
1506.646813
20.074617
-1240.342808
1996.417593
1525.022485
20.074617
-1288.249446
2041.727489
1540.556497
20.074617
-1339.751405
2084.667265
1551.701081
20.074617
-1391.997978
2125.712306
1558.121067
20.074617
-1445.859107
2165.173398
1559.019144
20.074617
-1502.342224
2203.433603
1552.791811
20.074617
-1563.187207
2241.205446
1535.636854
20.074617
-1632.304601
2275.343294
1501.540254
20.074617
-1709.432941
2294.742965
1461.627121
20.074617
-1768.922961
2305.015672
1415.391492
20.074617
-1819.164968
2307.567522
1361.896429
20.074617
-1862.713880
2303.026760
1304.998764
20.074617
-1897.500327
2292.405146
1245.472038
20.074617
-1924.452588
2276.023384
1182.740139
20.074617
-1944.480706
2254.746498
1119.087951
20.074617
-1957.324944
2228.397284
1053.540083
20.074617
-1963.518464
2196.273593
985.029836
20.074617
-1962.888414
2157.064458
912.300578
20.074617
-1954.541313
2112.596638
839.896164
20.074617
-1938.359099
2057.980277
761.730427
20.074617
-1911.712998
2003.182387
692.534504
20.074617
-1879.556502
1953.741357
636.545763
20.074617
-1847.027826
1907.982710
589.357821
20.074617
-1814.566722
1864.308412
547.964453
20.074617
-1781.846745
1822.000079
510.902602
20.074617
-1748.788102
1780.658841
477.300834
20.074617
-1715.379501
1739.952689
446.517179
20.074617
-1681.563195
1699.653929
418.105099
20.074617
-1647.303438
1659.643423
391.766087
20.074617
-1612.616704
1619.828270
367.262807
20.074617
-1577.516613
1580.135061
344.402124
20.074617
-1542.015239
1540.503829
323.022904
20.074617
-1506.122591
1500.884164
302.988003
20.074617
-1469.846439
1461.232559
284.178752
20.074617
-1433.192254
1421.510499
266.491044
20.074617
-1396.163182
1381.683042
249.832492
20.074617
-1358.760010
1342.236241
234.318043
20.074617
-1321.472736
1303.323597
219.904569
20.074617
-1284.480980
1264.860023
206.464711
20.074617
-1247.734030
1226.784271
193.894789
20.074617
-1211.198360
1189.042255
182.105436
20.074617
-1174.843013
1151.585507
171.018996
20.074617
-1138.638965
1114.369464
160.567379
20.074617
-1102.558129
1077.352154
150.690416
20.074617
-1066.572582
1040.493131
141.334584
20.074617
-1030.653919
1003.752547
132.451978
20.074617
-994.772667
967.090322
123.999475
20.074617
-958.897717
930.465345
115.938045
20.074617
-922.995741
893.833509
108.231929
20.074617
-887.029425
857.100889
100.839131
20.074617
-850.911519
820.215350
93.730384
20.074617
-814.594897
783.116538
86.877895
20.074617
-778.023620
745.736818
80.255513
20.074617
-741.133905
707.999002
73.838300
20.074617
-703.851903
669.813493
67.602112
20.074617
-666.090895
631.074318
61.523103
20.074617
-627.747332
591.653398
55.577106
20.074617
-588.695115
551.391936
49.738776
20.074617
-548.776941
510.086762
43.980314
20.074617
-507.790554
467.467265
38.269357
20.074617
-465.465477
424.833576
32.777276
20.074617
-423.091275
382.145263
27.486986
20.074617
-380.626428
339.237870
22.368907
20.074617
-337.903795
295.936020
17.396108
20.074617
-294.741435
252.040027
12.542501
20.074617
-250.926026
207.318369
7.781674
20.074617
-206.197384
161.503833
3.085107
20.074617
-160.221659
114.329316
-1.580931
20.074617
-112.542005
65.920616
-6.261669
20.074617
-62.476626
24.562212
-11.029465
20.074617
-8.869212
53.556154
-15.739726
20.074617
47.090683
107.837718
-20.250326
20.074617
103.999555
166.160884
-24.632483
20.074617
163.094113
220.588771
-28.411097
20.074617
217.828430
272.233492
-31.731342
20.074617
269.631611
322.226712
-34.695994
20.074617
319.723712
371.194223
-37.353601
20.074617
368.763975
419.560170
-39.728210
20.074617
417.192300
467.646074
-41.828903
20.074617
465.338805
515.716322
-43.653651
20.074617
513.473167
562.684278
-45.152920
20.074617
560.510322
608.055213
-46.316155
20.074617
605.956241
652.312202
-47.161205
20.074617
650.295348
695.682584
-47.691089
20.074617
693.755596
738.344706
-47.902324
20.074617
736.515636
780.441936
-47.786012
20.074617
778.718898
822.092569
-47.328449
20.074617
820.483528
863.396403
-46.511419
20.074617
861.908955
904.439296
-45.312257
20.074617
903.080423
945.296453
-43.703745
20.074617
944.072230
986.034895
-41.653876
20.074617
984.950140
1026.715397
-39.125473
20.074617
1025.773227
1067.394070
-36.075684
20.074617
1066.595357
1108.123737
-32.455320
20.074617
1107.466423
1148.955196
-28.208011
20.074617
1148.433438
1189.938462
-23.269144
20.074617
1189.541551
1231.124078
-17.564501
20.074617
1230.835080
1272.564597
-11.008513
20.074617
1272.358627
1314.316369
-3.501977
20.074617
1314.158386
1356.441821
5.071000
20.074617
1356.283786
1399.012525
14.847172
20.074617
1398.789697
1442.113544
25.990043
20.074617
1441.739575
1485.849896
38.698484
20.074617
1485.210204
1530.356722
53.219923
20.074617
1529.299299
1574.732618
69.451951
20.074617
1573.072234
1618.712899
87.439592
20.074617
1616.224853
1662.439223
107.388718
20.074617
1658.845636
1705.986770
129.513605
20.074617
1700.945059
1749.443731
154.074927
20.074617
1742.530141
1792.917937
181.398191
20.074617
1783.604899
1836.548666
211.904156
20.074617
1824.172317
1880.527357
246.161527
20.074617
1864.238357
1925.137462
284.986232
20.074617
1903.820922
1970.914473
329.727568
20.074617
1943.033865
2018.862745
382.840338
20.074617
1982.129428
2071.031434
449.482873
20.074617
2021.567055
2125.835813
532.404029
20.074617
2057.989520
2181.488164
636.300768
20.074617
2086.530362
2215.548934
715.762968
20.074617
2096.649103
2241.125674
789.939786
20.074617
2097.197280
2259.733673
859.888054
20.074617
2089.637724
2272.250480
926.964827
20.074617
2074.477154
2278.744846
991.204809
20.074617
2051.776817
2279.002539
1051.359381
20.074617
2021.903320
2272.880893
1106.691563
20.074617
1985.149452
2261.001616
1154.093238
20.074617
1944.169261
2243.369708
1195.233047
20.074617
1898.347340
2219.318250
1230.728224
20.074617
1846.693949
2187.236825
1260.606588
20.074617
1787.308862
2144.445925
1283.760431
20.074617
1717.615932
2103.004284
1295.177110
20.074617
1656.725771
2063.872148
1299.263565
20.074617
1603.458587
2024.658728
1298.530006
20.074617
1553.273896
1984.708158
1293.898641
20.074617
1504.822179
1943.689962
1285.857667
20.074617
1457.428467
1902.482587
1275.018982
20.074617
1411.865290
1861.801003
1262.042030
20.074617
1368.630665
1821.437511
1247.261202
20.074617
1327.241918
1781.289859
1230.933417
20.074617
1287.397955
1741.289037
1213.258111
20.074617
1248.875205
1701.387577
1194.395555
20.074617
1211.501529
1661.551626
1174.477619
20.074617
1175.139625
1621.756212
1153.614741
20.074617
1139.676818
1581.982196
1131.900612
20.074617
1105.018409
1542.214225
1109.415437
20.074617
1071.083149
1502.439287
1086.228268
20.074617
1037.800063
1462.645644
1062.398687
20.074617
1005.106124
1422.822013
1037.978060
20.074617
972.944520
1382.956897
1013.010454
20.074617
941.263305
1343.038020
987.533319
20.074617
910.014329
1303.051828
961.577984
20.074617
879.152351
1262.983011
935.170000
20.074617
848.634295
1222.814041
908.329351
20.074617
818.418584
1182.524694
881.070567
20.074617
788.464531
1142.091529
853.402711
20.074617
758.731760
1101.487318
825.329271
20.074617
729.179619
1060.680372
796.847919
20.074617
699.766573
1019.633755
767.950142
20.074617
670.449540
978.304310
738.620693
20.074617
641.183129
936.641446
708.836830
20.074617
611.918750
894.574987
678.559609
20.074617
582.596151
852.004582
647.725985
20.074617
553.136390
808.842273
616.279537
20.074617
523.471456
764.980095
584.147176
20.074617
493.521664
720.286015
551.235965
20.074617
463.193118
674.595440
517.426568
20.074617
432.372251
627.698231
482.563188
20.074617
400.917508
579.317491
446.437056
20.074617
368.645793
529.856261
409.346533
20.074617
335.827461
480.497008
372.182387
20.074617
303.240260
430.962480
334.742427
20.074617
270.690185
381.042764
296.870249
20.074617
238.030782
330.494182
258.378371
20.074617
205.095176
279.030835
219.039164
20.074617
171.688851
226.304286
178.562641
20.074617
137.571882
171.878266
136.556725
20.074617
102.427579
115.234845
92.447229
20.074617
65.799614
56.392909
45.289887
20.074617
26.944313
25.189164
-5.184873
20.074617
-14.304574
82.135826
-56.637507
20.074617
-55.995503
149.635610
-110.305882
20.074617
-99.098123
213.174898
-160.397973
20.074617
-138.971354
273.134769
-207.668880
20.074617
-176.276057
331.022125
-253.390746
20.074617
-212.051377
387.622499
-298.210374
20.074617
-246.817310
443.459040
-342.555347
20.074617
-280.907038
498.922912
-386.747037
20.074617
-314.559711
554.332180
-431.050404
20.074617
-347.960809
607.342863
-473.593236
20.074617
-379.699631
658.699121
-514.966568
20.074617
-410.232831
708.786367
-555.478918
20.074617
-439.793468
757.853743
-595.332341
20.074617
-468.528237
806.097493
-634.688746
20.074617
-496.548461
853.768151
-673.757366
20.074617
-523.992440
900.975337
-712.635084
20.074617
-550.912703
947.821213
-751.414681
20.074617
-577.354345
994.392719
-790.178450
20.074617
-603.350567
1040.765016
-829.000976
20.074617
-628.924646
1087.003985
-867.951198
20.074617
-654.091270
1133.168152
-907.094037
20.074617
-678.857480
1179.310232
-946.491739
20.074617
-703.223307
1225.478403
-986.205038
20.074617
-727.182198
1271.717419
-1026.294208
20.074617
-750.721255
1318.069602
-1066.820068
20.074617
-773.821316
1364.575796
-1107.844987
20.074617
-796.456902
1411.276308
-1149.433946
20.074617
-818.596012
1458.211912
-1191.655716
20.074617
-840.199764
1505.424949
-1234.584226
20.074617
-861.221850
1552.960617
-1278.300212
20.074617
-881.607769
1600.868539
-1322.893290
20.074617
-901.293755
1649.204762
-1368.464666
20.074617
-920.205310
1698.034417
-1415.130781
20.074617
-938.255170
1747.435414
-1463.028421
20.074617
-955.340450
1797.503786
-1512.322154
20.074617
-971.338546
1848.361833
-1563.215631
20.074617
-986.101094
1900.171199
-1615.969654
20.074617
-999.444683
1953.155313
-1670.932966
20.074617
-1011.135852
2007.641248
-1728.599098
20.074617
-1020.865098
2064.147132
-1789.723683
20.074617
-1028.197224
2123.597475
-1855.609472
20.074617
-1032.461493
2182.389304
-1922.509625
20.074617
-1032.655231
2241.305718
-1991.489788
20.074617
-1028.113203
2301.288245
-2063.988089
20.074617
-1017.584280
2364.204162
-2142.946656
20.074617
-998.417727
2430.570629
-2230.359583
20.074617
-965.798490
2487.555510
-2310.252780
20.074617
-922.096262
2526.882020
-2369.688747
20.074617
-877.100333
2556.372371
-2418.767487
20.074617
-827.164164
2576.850641
-2458.588949
20.074617
-771.425054
2587.262708
-2486.558844
20.074617
-714.528130
2588.687359
-2504.278004
20.074617
-655.355575
2581.539077
-2511.668101
20.074617
-596.208323
2566.020162
-2509.276233
20.074617
-536.273501
2541.917036
-2496.924500
20.074617
-475.717635
2510.939231
-2475.763243
20.074617
-418.341001
2471.719825
-2445.067427
20.074617
-361.443196
2420.160088
-2401.202741
20.074617
-301.657521
2361.760760
-2348.746844
20.074617
-246.777554
2307.430553
-2298.296313
20.074617
-204.124524
2255.759370
-2249.315595
20.074617
-169.194265
2205.280880
-2200.783991
20.074617
-139.321912
2155.440395
-2152.368968
20.074617
-113.261346
2105.955849
-2103.924554
20.074617
-90.269134
2056.660682
-2055.376327
20.074617
-69.844996
2007.446158
-2006.681799
20.074617
-51.625998
1958.137323
-1957.716121
20.074617
-35.304055
1908.556920
-1908.339778
20.074617
-20.635371
1859.560014
-1859.435780
20.074617
-7.683495
1811.572195
-1811.457275
20.074617
3.656393
1764.385298
-1764.218463
20.074617
13.627371
1717.872783
-1717.609285
20.074617
22.410994
1671.936578
-1671.544110
20.074617
30.153283
1626.498749
-1625.954519
20.074617
36.974239
1581.495115
-1580.783671
20.074617
42.974329
1536.871120
-1535.982702
20.074617
48.238883
1492.578990
-1491.508250
20.074617
52.841203
1448.575700
-1447.320709
20.074617
56.844823
1404.821455
-1403.382917
20.074617
60.305204
1361.278520
-1359.659148
20.074617
63.271019
1317.910268
-1316.114279
20.074617
65.785161
1274.680369
-1272.713090
20.074617
67.885532
1231.552074
-1229.419607
20.074617
69.605682
1188.487528
-1186.196492
20.074617
70.975316
1145.447086
-1143.004398
20.074617
72.020711
1102.345613
-1099.758164
20.074617
72.765647
1059.080092
-1056.354582
20.074617
73.230107
1015.593834
-1012.736819
20.074617
73.430109
971.820548
-968.838311
20.074617
73.379252
927.685562
-924.583987
20.074617
73.088724
883.103471
-879.887912
20.074617
72.567293
837.975219
-834.650339
20.074617
71.821229
792.184078
-788.753648
20.074617
70.854116
745.589919
-742.056542
20.074617
69.666524
698.020766
-694.385478
20.074617
68.255457
692.878366
-689.233079
20.074617
68.082319
