37.478506
10.000000
20.115625
30.000000
44.885609
26.841306
20.115625
29.826562
53.710343
40.166021
20.115625
29.442374
63.078938
52.337192
20.115625
28.898658
72.748218
63.970103
20.115625
28.204446
82.614955
75.312692
20.115625
27.360389
92.646926
86.509314
20.115625
26.361964
102.845166
97.659691
20.115625
25.200683
113.227484
108.840763
20.115625
23.864475
123.821012
120.116746
20.115625
22.337681
134.658769
131.544491
20.115625
20.600790
145.778153
143.176659
20.115625
18.629972
157.220403
155.063778
20.115625
16.396391
169.030624
167.255694
20.115625
13.865290
181.258166
179.802668
20.115625
10.994767
193.957294
192.756261
20.115625
7.734169
207.188139
206.170101
20.115625
4.021955
221.018004
220.100596
20.115625
-0.217170
235.523133
234.607630
20.115625
-5.076190
250.718433
249.683424
20.115625
-10.643422
266.186179
264.890273
20.115625
-16.840045
282.057383
280.331741
20.115625
-23.787474
298.125946
295.777189
20.115625
-31.468960
314.205679
311.018067
20.115625
-39.853886
330.343679
326.065849
20.115625
-49.024173
346.540193
340.879129
20.115625
-59.049863
362.791558
355.403453
20.115625
-70.010438
379.089430
369.568264
20.115625
-81.996680
395.420242
383.283095
20.115625
-95.113608
411.764171
396.431877
20.115625
-109.484525
428.093310
408.864286
20.115625
-125.256694
444.368332
420.382188
20.115625
-142.609231
460.532106
430.717669
20.115625
-161.763628
476.496444
439.496134
20.115625
-182.995550
492.112287
446.173407
20.115625
-206.637740
506.761554
449.890081
20.115625
-232.382335
519.802055
449.829834
20.115625
-259.697244
530.905323
445.135425
20.115625
-288.635196
539.360186
434.937958
20.115625
-318.329616
544.430855
419.263647
20.115625
-346.725125
546.025376
399.171155
20.115625
-372.023470
544.550401
375.702527
20.115625
-393.672595
540.433385
349.566575
20.115625
-411.663473
533.984115
321.229534
20.115625
-426.082132
525.438644
291.160854
20.115625
-436.928469
515.225300
260.494502
20.115625
-444.066533
503.480275
229.419689
20.115625
-447.721292
490.300005
198.202362
20.115625
-448.001428
475.814110
167.272057
20.115625
-444.988189
460.287853
137.324072
20.115625
-438.864864
444.186112
109.275725
20.115625
-430.064506
428.046170
83.905127
20.115625
-419.259842
412.236071
61.491347
20.115625
-407.127442
396.891872
41.885171
20.115625
-394.162596
382.014253
24.773294
20.115625
-380.679044
367.555704
9.836388
20.115625
-366.873007
353.459751
-3.201946
20.115625
-352.872363
339.673806
-14.570566
20.115625
-338.764453
326.152079
-24.457892
20.115625
-324.611077
312.855279
-33.020189
20.115625
-310.456848
299.749453
-40.388513
20.115625
-296.334042
286.804704
-46.673995
20.115625
-282.265545
273.993996
-51.971771
20.115625
-268.266671
261.292060
-56.363855
20.115625
-254.346256
248.776788
-59.895462
20.115625
-240.619587
236.642695
-62.603161
20.115625
-227.323494
224.833992
-64.594777
20.115625
-214.413620
213.316202
-65.955703
20.115625
-201.863837
202.059099
-66.757349
20.115625
-189.648880
191.035998
-67.059742
20.115625
-177.744494
180.222556
-66.913519
20.115625
-166.126796
169.705534
-66.369050
20.115625
-154.888603
159.609331
-65.488780
20.115625
-144.158662
149.881668
-64.322214
20.115625
-133.875049
140.488409
-62.909738
20.115625
-123.994837
131.397874
-61.283718
20.115625
-114.477372
122.581253
-59.469909
20.115625
-105.284639
114.012351
-57.488474
20.115625
-96.380772
105.667523
-55.354777
20.115625
-87.731612
97.525829
-53.079955
20.115625
-79.304270
89.569486
-50.671333
20.115625
-71.066661
81.784796
-48.132660
20.115625
-62.986995
74.163892
-45.464193
20.115625
-55.033187
66.707917
-42.662598
20.115625
-47.172137
59.432887
-39.720626
20.115625
-39.368789
52.380717
-36.626476
20.115625
-31.584844
45.640408
-33.362687
20.115625
-23.776870
39.389091
-29.904243
20.115625
-15.893345
33.967749
-26.215223
20.115625
-7.869667
29.991884
-22.242515
20.115625
0.381100
28.388728
-17.902609
20.115625
8.987662
30.083838
-13.048671
20.115625
18.169510
35.576809
-7.358643
20.115625
28.406361
45.067744
-0.351182
20.115625
40.327904
54.150576
5.621387
20.115625
49.960450
63.287766
11.428115
20.115625
58.907564
72.514095
17.249128
20.115625
67.499061
81.862592
23.178306
20.115625
75.892106
91.373276
29.283227
20.115625
84.183905
101.091448
35.622395
20.115625
92.443969
111.066861
42.252576
20.115625
100.727002
121.353931
49.232983
20.115625
109.079107
131.898519
56.548310
20.115625
117.451562
142.722473
64.233564
20.115625
125.853547
153.879629
72.348314
20.115625
134.313154
165.420829
80.953765
20.115625
142.849222
177.399480
90.117426
20.115625
151.475366
189.872354
99.914591
20.115625
160.199709
202.900482
110.429998
20.115625
169.024208
216.550137
121.759739
20.115625
177.943500
230.492469
133.665663
20.115625
186.696627
244.674598
146.124126
20.115625
195.214651
259.154893
159.207936
20.115625
203.493129
273.965529
172.970918
20.115625
211.503035
289.139552
187.470953
20.115625
219.206944
304.711474
202.770788
20.115625
226.557832
320.718256
218.939398
20.115625
233.497541
337.200517
236.053753
20.115625
239.954529
354.204067
254.201233
20.115625
245.840630
371.782018
273.483053
20.115625
251.046311
389.997810
294.019301
20.115625
255.433561
408.929755
315.956654
20.115625
258.824843
428.678190
339.480667
20.115625
260.985113
449.377169
364.836213
20.115625
261.590786
471.214047
392.362633
20.115625
260.172258
493.162388
420.842865
20.115625
256.311891
515.073054
450.111348
20.115625
249.590437
536.836618
480.060322
20.115625
239.438935
558.045874
510.180824
20.115625
225.224525
577.796141
539.227677
20.115625
206.584739
594.722623
565.171126
20.115625
184.043360
607.825649
586.361855
20.115625
158.830593
616.891274
602.278591
20.115625
131.949628
622.033749
612.949517
20.115625
103.991517
623.365093
618.471279
20.115625
75.317182
620.941391
618.869902
20.115625
46.514704
614.954783
614.347770
20.115625
18.481447
605.511954
605.115763
20.115625
-8.660303
592.628003
591.271210
20.115625
-34.665069
577.136025
573.854941
20.115625
-58.067722
559.074515
553.075633
20.115625
-79.164506
538.672291
529.341143
20.115625
-97.781150
517.697846
504.859710
20.115625
-112.796698
496.799488
480.510048
20.115625
-124.559973
476.154385
456.576277
20.115625
-133.628077
455.786328
433.135088
20.115625
-140.465420
435.675382
410.196241
20.115625
-145.421606
415.992691
387.974512
20.115625
-148.731497
397.174330
366.962763
20.115625
-150.602593
379.095914
347.010118
20.115625
-151.304499
361.677592
328.015471
20.115625
-151.036065
344.852020
309.891911
20.115625
-149.950928
328.563058
292.565524
20.115625
-148.170371
312.762999
275.972398
20.115625
-145.791944
297.410441
260.056297
20.115625
-142.895256
282.468650
244.766878
20.115625
-139.545961
267.904308
230.058326
20.115625
-135.798551
253.686530
215.888309
20.115625
-131.698349
239.786056
202.217127
20.115625
-127.282944
226.174560
189.007009
20.115625
-122.583211
212.824010
176.221488
20.115625
-117.624012
199.706047
163.824804
20.115625
-112.424644
186.982930
151.958816
20.115625
-107.081725
174.777281
140.721025
20.115625
-101.686049
163.029871
130.039067
20.115625
-96.249371
151.695347
119.855890
20.115625
-90.782188
140.731015
110.118879
20.115625
-85.290169
130.096949
100.779583
20.115625
-79.775017
119.755587
91.792951
20.115625
-74.234873
109.671485
83.116642
20.115625
-68.664548
99.811223
74.710335
20.115625
-63.055591
90.143598
66.535024
20.115625
-57.396172
80.640355
58.552225
20.115625
-51.670741
71.277982
50.723042
20.115625
-45.859409
62.041871
43.006965
20.115625
-39.936905
52.935989
35.360190
20.115625
-33.870894
44.006611
27.733089
20.115625
-27.619183
35.405435
20.066010
20.115625
-21.124907
27.571406
12.281615
20.115625
-14.307549
21.736695
4.268938
20.115625
-7.044266
20.531045
-4.037789
20.115625
0.762686
25.676472
-12.887942
20.115625
9.409769
36.433699
-23.048203
20.115625
19.787784
47.541803
-31.758805
20.115625
29.102627
58.198476
-39.489141
20.115625
37.723096
68.580472
-46.666276
20.115625
46.053246
78.847625
-53.503842
20.115625
54.310667
89.082259
-60.098804
20.115625
62.603069
99.352655
-66.512169
20.115625
71.010162
109.718022
-72.784256
20.115625
79.598103
120.232153
-78.941911
20.115625
88.426845
130.945732
-85.001926
20.115625
97.554184
141.907918
-90.972588
20.115625
107.038344
153.167553
-96.854132
20.115625
116.939890
164.774134
-102.638427
20.115625
127.323330
176.778670
-108.307981
20.115625
138.258602
189.234494
-113.834266
20.115625
149.822613
202.198098
-119.175227
20.115625
162.100888
215.730058
-124.271761
20.115625
175.189466
229.496920
-128.916658
20.115625
188.798022
243.416044
-133.014125
20.115625
202.864424
257.548765
-136.506101
20.115625
217.469107
271.924569
-139.305881
20.115625
232.663285
286.575497
-141.306122
20.115625
248.502429
301.538143
-142.373349
20.115625
265.048000
316.857080
-142.339743
20.115625
282.370623
332.590272
-140.990111
20.115625
300.555218
348.818383
-138.040032
20.115625
319.710142
364.800703
-133.399364
20.115625
338.938821
380.669835
-126.869942
20.115625
358.341880
396.477162
-118.209196
20.115625
377.910158
412.254393
-107.118152
20.115625
397.586151
428.030938
-93.218585
20.115625
417.272263
443.827246
-76.031879
20.115625
436.803319
459.632167
-54.972271
20.115625
455.889395
475.336995
-29.426452
20.115625
473.998633
490.586487
0.879096
20.115625
490.173123
504.651955
35.137513
20.115625
503.025161
516.765816
71.491779
20.115625
511.401208
526.614848
108.390485
20.115625
514.946660
534.186258
145.019952
20.115625
513.730993
539.488789
180.996497
20.115625
507.822590
542.386136
215.582141
20.115625
497.295106
542.716976
247.629551
20.115625
482.510811
540.346409
276.807790
20.115625
463.623825
535.452938
301.115324
20.115625
442.306197
528.119446
321.078268
20.115625
418.824852
518.387642
336.756453
20.115625
393.593953
506.412071
348.072190
20.115625
367.279591
492.636262
355.043037
20.115625
340.925638
477.745235
358.056430
20.115625
315.644521
462.341568
357.829214
20.115625
292.084475
446.771218
355.102330
20.115625
270.374218
431.193700
350.465757
20.115625
250.393933
415.679817
344.351584
20.115625
231.963484
400.263110
337.074802
20.115625
214.910438
384.961147
328.869780
20.115625
199.085695
369.783945
319.915197
20.115625
184.363212
354.737359
310.350209
20.115625
170.636172
339.824465
300.284973
20.115625
157.813065
325.046116
289.807664
20.115625
145.814460
310.401118
278.989232
20.115625
134.570516
295.886219
267.886704
20.115625
124.019071
281.495981
256.545483
20.115625
114.104181
267.222553
245.000933
20.115625
104.774983
253.055349
233.279430
20.115625
95.984784
238.980608
221.398963
20.115625
87.690317
224.980785
209.369333
20.115625
79.851095
211.588844
197.680107
20.115625
72.717095
198.790153
186.355005
20.115625
66.217056
186.512940
175.359707
20.115625
60.261194
174.697004
164.662985
20.115625
54.776877
163.287773
154.233153
20.115625
49.703049
152.235282
144.038286
20.115625
44.987941
141.493161
134.046088
20.115625
40.587224
131.017817
124.223628
20.115625
36.462588
120.767753
114.536962
20.115625
32.580608
110.700864
104.948527
20.115625
28.911060
100.749564
95.392707
20.115625
25.417863
90.879193
85.830563
20.115625
22.079490
81.054304
76.216027
20.115625
18.875355
71.242245
66.495297
20.115625
15.785900
61.417841
56.602852
20.115625
12.791795
51.576813
46.454883
20.115625
9.872846
41.775631
35.937156
20.115625
7.006124
32.264001
24.879790
20.115625
4.162143
23.982955
12.994850
20.115625
1.295235
20.189195
-0.331702
20.115625
-1.689731
26.529828
-16.558359
20.115625
-5.001414
36.421989
-29.452033
20.115625
-7.382457
47.098347
-41.533272
20.115625
-9.412929
57.989082
-53.224208
20.115625
-11.192808
68.978834
-64.733760
20.115625
-12.766416
80.065217
-76.193298
20.115625
-14.155628
91.330093
-87.750494
20.115625
-15.375247
102.826093
-99.492610
20.115625
-16.425214
114.606691
-111.493640
20.115625
-17.298076
126.729625
-123.824383
20.115625
-17.980032
139.256340
-136.554988
20.115625
-18.450608
152.252561
-149.757110
20.115625
-18.681856
165.789266
-163.505665
20.115625
-18.637051
179.955107
-177.891731
20.115625
-18.268387
194.840767
-193.006594
20.115625
-17.514015
210.541671
-208.944088
20.115625
-16.294929
227.166688
-225.808618
20.115625
-14.509780
244.440490
-243.311178
20.115625
-12.090713
262.159070
-261.231859
20.115625
-8.980861
280.447352
-279.679130
20.115625
-5.065891
299.383483
-298.706858
20.115625
-0.211123
319.065117
-318.378340
20.115625
5.757026
339.623215
-338.774922
20.115625
13.070651
360.285502
-359.072799
20.115625
21.627069
381.091872
-379.247992
20.115625
31.580635
402.063605
-399.238589
20.115625
43.116738
423.180607
-418.916682
20.115625
56.444675
444.409435
-438.105754
20.115625
71.822390
465.695445
-456.556719
20.115625
89.574386
486.946279
-473.905534
20.115625
110.116235
507.991914
-489.592778
20.115625
133.977827
528.480640
-502.709391
20.115625
161.772729
547.620199
-511.756464
20.115625
193.877708
563.807050
-514.682349
20.115625
229.294201
575.309617
-510.121262
20.115625
265.241051
581.591823
-498.121116
20.115625
299.532576
582.831211
-479.246466
20.115625
331.074625
579.591341
-455.477882
20.115625
357.856652
572.564424
-427.587763
20.115625
380.255291
562.264304
-396.468973
20.115625
398.181947
549.472446
-363.784963
20.115625
411.309896
534.472926
-329.862827
20.115625
420.056170
517.503213
-295.170747
20.115625
424.592944
498.916501
-260.479559
20.115625
425.045216
479.348800
-226.983167
20.115625
421.721799
459.632804
-195.953303
20.115625
415.283011
440.399997
-168.072156
20.115625
406.570128
421.901203
-143.336127
20.115625
396.296280
404.148182
-121.424408
20.115625
384.950942
387.071088
-101.971593
20.115625
372.855445
370.586660
-84.656065
20.115625
360.226575
354.618545
-69.211847
20.115625
347.216639
339.101141
-55.420757
20.115625
333.936348
323.978727
-43.102236
20.115625
320.468056
309.203572
-32.104841
20.115625
306.873736
294.734030
-22.299823
20.115625
293.199980
280.532897
-13.576411
20.115625
279.481214
266.565983
-5.838358
20.115625
265.741789
252.800867
0.998572
20.115625
251.997307
239.205727
7.008450
20.115625
238.255373
225.830685
12.226405
20.115625
224.600478
212.853399
16.654480
20.115625
211.245259
200.256506
20.376621
20.115625
198.198948
188.315801
23.399713
20.115625
185.770439
176.932294
25.839964
20.115625
173.875515
166.040705
27.784612
20.115625
162.458895
155.581831
29.304334
20.115625
151.467236
145.502529
30.456259
20.115625
140.850147
135.754406
31.286533
20.115625
130.559462
126.292879
31.832233
20.115625
120.548587
117.076445
32.122790
20.115625
110.771756
108.066151
32.181016
20.115625
101.183185
99.225312
32.023805
20.115625
91.736035
90.519581
31.662507
20.115625
82.381077
81.917682
31.102970
20.115625
73.064858
73.393454
30.345152
20.115625
63.727015
64.930795
29.382097
20.115625
54.296060
56.535424
28.197834
20.115625
44.682188
48.264061
26.763110
20.115625
34.763733
40.302031
25.026052
20.115625
24.357998
33.185363
22.887884
20.115625
13.144380
28.448990
20.113853
20.115625
0.373558
29.307000
16.778715
20.115625
-13.142929
34.624741
13.598781
20.115625
-24.684154
42.149150
10.309293
20.115625
-35.575707
50.815586
6.835194
20.115625
-46.161299
60.171373
3.123745
20.115625
-56.623298
70.039970
-0.874340
20.115625
-67.083489
80.368445
-5.211604
20.115625
-77.635609
91.164271
-9.947656
20.115625
-88.359097
102.469021
-15.152412
20.115625
-99.326060
114.347666
-20.909623
20.115625
-110.605326
126.885142
-27.321277
20.115625
-122.265075
140.186996
-34.513469
20.115625
-134.374759
154.383146
-42.644627
20.115625
-147.006643
169.564925
-51.873622
20.115625
-160.177254
185.245735
-61.996971
20.115625
-173.400460
201.146357
-72.886431
20.115625
-186.394170
217.415614
-84.688367
20.115625
-199.230498
234.101893
-97.494151
20.115625
-211.881921
251.257006
-111.406349
20.115625
-224.307980
268.936063
-126.539776
20.115625
-236.452220
287.199604
-143.024682
20.115625
-248.239632
306.116208
-161.011148
20.115625
-259.572542
325.765941
-180.675403
20.115625
-270.324266
346.245209
-202.229206
20.115625
-280.329190
367.673867
-225.934264
20.115625
-289.366796
390.205943
-252.125036
20.115625
-297.134660
414.045585
-281.245257
20.115625
-303.199956
439.466913
-313.902943
20.115625
-306.906291
466.676620
-350.732429
20.115625
-307.195692
493.838608
-389.530362
20.115625
-302.882865
520.746046
-430.191372
20.115625
-292.757902
545.839858
-470.560081
20.115625
-275.879907
566.641789
-506.602795
20.115625
-253.045226
581.988132
-535.932029
20.115625
-226.014176
591.935680
-558.183666
20.115625
-195.995425
596.679420
-573.420418
20.115625
-163.739781
596.313807
-581.520930
20.115625
-130.456609
591.175311
-582.729989
20.115625
-97.515998
581.532610
-577.516358
20.115625
-65.195048
567.581149
-566.201225
20.115625
-34.057241
549.858860
-549.466505
20.115625
-5.165885
529.617640
-528.852775
20.115625
20.123347
508.311208
-506.242987
20.115625
41.154388
486.786256
-482.867448
20.115625
58.268766
465.356381
-459.292824
20.115625
72.125060
444.122000
-435.776375
20.115625
83.298645
423.113043
-412.448693
20.115625
92.228437
402.332940
-389.380658
20.115625
99.246458
381.771953
-366.609109
20.115625
104.608538
362.122945
-344.931220
20.115625
108.401302
343.282093
-324.246085
20.115625
110.916334
325.153463
-304.454004
20.115625
112.373910
307.662385
-285.474190
20.115625
112.942426
290.747305
-267.237425
20.115625
112.754227
274.355540
-249.682386
20.115625
111.915281
258.433706
-232.746021
20.115625
110.510777
242.936753
-216.373620
20.115625
108.609779
227.823433
-200.514088
20.115625
106.268428
213.053203
-185.116728
20.115625
103.531763
198.988681
-170.546830
20.115625
100.526790
185.590723
-156.747178
20.115625
97.311871
172.788617
-143.628897
20.115625
93.925544
160.520706
-131.113396
20.115625
90.396549
148.731141
-119.128428
20.115625
86.745211
137.369504
-107.606963
20.115625
82.984840
126.390586
-96.485980
20.115625
79.122674
115.754612
-85.705279
20.115625
75.160475
105.428104
-75.206227
20.115625
71.094797
95.385849
-64.930344
20.115625
66.916906
85.614849
-54.817567
20.115625
62.612286
76.122065
-44.803934
20.115625
58.159590
66.949752
-34.818224
20.115625
53.528705
58.206521
-24.776617
20.115625
48.677304
50.131219
-14.573318
20.115625
43.544450
43.220420
-4.062015
20.115625
38.037696
38.440302
6.987250
20.115625
32.003075
37.391531
19.017740
20.115625
25.135906
42.308485
33.346245
20.115625
16.534735
50.713829
45.731996
20.115625
8.708541
60.391939
56.928513
20.115625
1.300909
70.780099
67.589788
20.115625
-6.066678
81.659458
77.973077
20.115625
-13.558316
92.964124
88.229584
20.115625
-21.289212
104.699996
98.465219
20.115625
-29.360711
116.912285
108.762755
20.115625
-37.874887
129.508296
119.059365
20.115625
-46.825504
142.498107
129.362379
20.115625
-56.271191
155.950354
139.708089
20.115625
-66.313831
169.928690
150.110302
20.115625
-77.058540
184.500701
160.566803
20.115625
-88.623768
199.737761
171.056149
20.115625
-101.145087
215.675386
181.507027
20.115625
-114.745077
231.649193
191.400169
20.115625
-128.928994
247.812195
200.757346
20.115625
-143.884445
264.194137
209.494542
20.115625
-159.705794
280.813681
217.494063
20.115625
-176.488009
297.688743
224.603741
20.115625
-194.337616
314.838698
230.626940
20.115625
-213.377558
332.287900
235.306637
20.115625
-233.754994
350.071641
238.298692
20.115625
-255.654550
368.247474
239.123799
20.115625
-279.323060
386.225641
237.208779
20.115625
-304.134185
403.528594
232.139858
20.115625
-329.456786
420.287710
223.341450
20.115625
-355.465494
436.448023
210.034368
20.115625
-382.057329
451.872025
191.182720
20.115625
-408.941140
466.214855
165.631921
20.115625
-435.336329
478.717779
133.011205
20.115625
-459.428006
488.415254
95.113241
20.115625
-478.642135
494.984922
54.479704
20.115625
-491.566268
498.624317
12.580451
20.115625
-498.059538
499.502404
-29.778523
20.115625
-498.208042
497.658174
-71.127277
20.115625
-492.138122
493.162548
-109.945450
20.115625
-480.329739
485.886911
-146.013606
20.115625
-462.991878
476.091804
-177.250872
20.115625
-441.407857
463.902605
-203.308880
20.115625
-416.493083
449.389921
-224.099974
20.115625
-389.006252
433.717964
-238.812695
20.115625
-361.490152
417.752699
-248.226443
20.115625
-335.404699
401.511315
-253.637360
20.115625
-310.603908
384.943310
-255.877018
20.115625
-286.886154
368.218293
-255.502951
20.115625
-264.382894
351.802690
-253.060609
20.115625
-243.558663
335.651130
-249.001990
20.115625
-224.176386
319.748095
-243.655453
20.115625
-206.073352
304.078863
-237.266954
20.115625
-189.112953
288.631003
-230.025453
20.115625
-173.180566
273.393192
-222.078663
20.115625
-158.177958
258.354177
-213.543209
20.115625
-144.019236
243.501871
-204.511331
20.115625
-130.627861
228.822538
-195.055361
20.115625
-117.934396
214.300017
-185.230658
20.115625
-105.874748
199.914890
-175.077413
20.115625
-94.388687
185.664794
-164.637337
20.115625
-83.434552
171.992866
-154.286502
20.115625
-73.297906
158.815399
-144.015792
20.115625
-63.852519
146.084598
-133.827854
20.115625
-55.010699
133.802350
-123.754203
20.115625
-46.726095
122.027720
-113.867117
20.115625
-38.992381
110.691334
-104.123720
20.115625
-31.720404
99.745064
-94.485250
20.115625
-24.839020
89.153949
-84.908384
20.115625
-18.285365
78.901946
-75.344620
20.115625
-12.002789
69.003142
-65.738332
20.115625
-5.938603
59.525565
-56.023680
20.115625
-0.041792
50.641782
-46.119487
20.115625
5.739744
42.735275
-35.920199
20.115625
11.463189
36.597881
-25.278484
20.115625
17.197813
33.623625
-13.966928
20.115625
23.039851
35.454337
-1.573949
20.115625
29.152947
43.159739
12.916721
20.115625
35.934427
54.333918
27.453040
20.115625
42.354066
65.667991
40.355808
20.115625
47.739454
77.213089
52.774661
20.115625
52.650336
88.951170
65.045125
20.115625
57.243376
100.915545
77.363284
20.115625
61.597332
113.160564
89.871044
20.115625
65.756142
125.751253
102.686653
20.115625
69.743749
138.759720
115.918430
20.115625
73.569961
152.264367
129.672327
20.115625
77.232680
166.350390
144.056887
20.115625
80.718195
181.110977
159.187068
20.115625
84.000150
196.649034
175.187655
20.115625
87.037289
213.079397
192.196681
20.115625
89.769854
230.531679
210.369172
20.115625
92.114212
248.902904
229.617640
20.115625
93.934854
267.702284
249.439471
20.115625
95.077992
287.125225
270.046107
20.115625
95.453426
307.250483
291.525182
20.115625
94.927811
328.180336
313.986332
20.115625
93.328870
350.025975
337.543787
20.115625
90.430839
372.938832
362.346721
20.115625
85.927804
397.144252
388.609749
20.115625
79.381243
421.472667
415.008066
20.115625
70.731009
445.908202
441.440942
20.115625
59.660550
470.469584
467.810461
20.115625
45.720491
495.053492
493.831636
20.115625
28.348481
519.456715
519.022642
20.115625
6.792468
543.236596
542.498910
20.115625
-19.907123
565.343195
562.531162
20.115625
-52.602110
583.581938
576.160691
20.115625
-90.565431
595.578446
580.757765
20.115625
-130.496994
600.706696
575.878419
20.115625
-169.729029
599.134952
561.740984
20.115625
-207.376756
591.506229
540.047150
20.115625
-240.466331
578.739354
512.229535
20.115625
-268.617768
562.206258
480.682572
20.115625
-290.887441
542.614819
446.427241
20.115625
-307.780639
520.339977
410.083704
20.115625
-319.656705
495.930058
372.640746
20.115625
-326.620358
470.399724
335.715766
20.115625
-328.886283
445.055767
301.103944
20.115625
-327.118346
420.768001
269.744561
20.115625
-322.302566
397.763188
241.632920
20.115625
-315.316425
375.970539
216.414492
20.115625
-306.780011
355.247786
193.703719
20.115625
-297.111462
335.457601
173.169833
20.115625
-286.599673
316.483062
154.542183
20.115625
-275.451636
298.226948
137.599151
20.115625
-263.820295
280.607848
122.156698
20.115625
-251.821102
263.556339
108.059405
20.115625
-239.542211
247.011841
95.173921
20.115625
-227.050954
230.920097
83.384217
20.115625
-214.398053
215.231121
72.588116
20.115625
-201.620343
199.897431
62.694724
20.115625
-188.742460
184.872426
53.622495
20.115625
-175.777710
170.108767
45.297721
20.115625
-162.728211
155.990040
37.873089
20.115625
-149.979610
142.723424
31.364795
20.115625
-137.773681
130.170796
25.615447
20.115625
-126.030340
118.236777
20.509540
20.115625
-114.693748
106.838493
15.952637
20.115625
-103.707949
95.905181
11.867461
20.115625
-93.017894
85.377278
8.190320
20.115625
-82.568516
75.207425
4.868465
20.115625
-72.303640
65.364500
1.858098
20.115625
-62.164515
55.843906
-0.877129
20.115625
-52.087754
46.692296
-3.367235
20.115625
-42.002307
38.068674
-5.636708
20.115625
-31.824724
30.399939
-7.705014
20.115625
-21.451123
24.737432
-9.586811
20.115625
-10.742216
23.073857
-11.291852
20.115625
0.508521
27.005780
-12.824642
20.115625
12.657106
36.174688
-14.185474
20.115625
26.509281
48.663828
-15.201226
20.115625
41.622740
60.108365
-15.676857
20.115625
54.429894
71.339826
-15.797357
20.115625
66.597116
82.534387
-15.596953
20.115625
78.511284
93.817352
-15.076663
20.115625
90.386677
105.293941
-14.218343
20.115625
102.371941
117.061841
-12.988304
20.115625
114.586824
129.217751
-11.337293
20.115625
127.137935
141.862044
-9.198481
20.115625
140.127047
155.102943
-6.483721
20.115625
153.656259
169.060968
-3.077804
20.115625
167.831760
183.874380
1.169995
20.115625
182.767011
199.706507
6.458439
20.115625
198.585848
216.756517
13.053334
20.115625
215.425996
234.420531
20.909782
20.115625
232.617988
252.182664
29.902661
20.115625
249.594247
270.276010
40.232509
20.115625
266.506714
288.785131
52.063925
20.115625
283.340010
307.776730
65.576430
20.115625
300.036013
327.324986
80.981370
20.115625
316.510704
347.515463
98.531250
20.115625
332.646886
368.450854
118.534341
20.115625
348.282935
390.258807
141.377367
20.115625
363.193803
413.102609
167.561345
20.115625
377.057453
437.193529
197.756983
20.115625
389.391473
462.790502
232.874136
20.115625
399.424645
490.096829
274.025939
20.115625
405.832537
518.498332
321.384032
20.115625
406.384283
545.237386
371.258303
20.115625
398.806269
567.205740
417.900238
20.115625
382.984470
583.528879
458.916447
20.115625
359.856929
593.542006
491.809120
20.115625
331.679460
597.622952
516.787450
20.115625
299.465000
595.949195
533.333650
20.115625
265.152828
589.039665
541.784341
20.115625
230.288552
577.230142
542.803733
20.115625
195.330760
560.877260
536.842200
20.115625
161.180379
540.913280
524.829019
20.115625
129.371708
518.930337
508.524437
20.115625
101.424616
496.259924
489.722097
20.115625
77.727352
473.520330
469.549717
20.115625
57.792115
450.932704
448.615307
20.115625
40.987455
428.577035
427.265622
20.115625
26.790378
406.483570
405.715747
20.115625
14.798189
384.661558
384.106486
20.115625
4.699313
363.108761
362.531727
20.115625
-3.752455
341.814622
341.052648
20.115625
-10.755881
321.354296
320.308165
20.115625
-16.328647
301.706819
300.323482
20.115625
-20.692330
282.761274
281.018087
20.115625
-24.044426
264.433928
262.329031
20.115625
-26.535706
246.651713
244.197385
20.115625
-28.285444
229.347777
226.565754
20.115625
-29.389172
212.698672
209.620834
20.115625
-29.919769
196.938737
193.603876
20.115625
-29.962764
181.943013
178.387621
20.115625
-29.605378
167.618136
163.875471
20.115625
-28.914205
153.876463
149.975566
20.115625
-27.940244
140.641297
136.606184
20.115625
-26.722400
127.841098
123.689711
20.115625
-25.289593
115.408722
111.151384
20.115625
-23.662300
103.280720
98.917595
20.115625
-21.853564
91.397277
86.913904
20.115625
-19.869505
79.703450
75.062515
20.115625
-17.709333
68.153608
63.278756
20.115625
-15.364732
56.724523
51.465751
20.115625
-12.818329
45.454816
39.505550
20.115625
-10.040589
34.577053
27.242690
20.115625
-6.983554
25.022865
14.449238
20.115625
-3.567195
20.132158
0.733944
20.115625
0.356003
25.491214
-14.793610
20.115625
5.129591
38.876785
-31.509137
20.115625
10.674284
52.278713
-45.628710
20.115625
15.698608
65.636811
-58.937925
20.115625
20.733394
79.012800
-71.878435
20.115625
25.920547
92.517965
-84.686958
20.115625
31.353701
106.268293
-97.523222
20.115625
37.115130
120.380263
-110.511612
20.115625
43.289177
134.973540
-123.758731
20.115625
49.969936
150.175396
-137.362295
20.115625
57.267889
166.126189
-151.416305
20.115625
65.317492
182.986508
-166.014477
20.115625
74.287396
200.947507
-181.252956
20.115625
84.395665
219.991459
-197.024020
20.115625
95.776507
239.290896
-212.555180
20.115625
108.054569
258.690832
-227.651167
20.115625
121.207485
278.335255
-242.337800
20.115625
135.418856
298.245681
-256.516509
20.115625
150.814882
318.439087
-270.053571
20.115625
167.540691
338.926968
-282.769076
20.115625
185.764638
359.717440
-294.422453
20.115625
205.687671
380.817976
-304.688182
20.115625
227.558354
402.239853
-313.113267
20.115625
251.698913
424.006509
-319.036651
20.115625
278.554297
445.658595
-321.414487
20.115625
308.057904
465.861670
-319.212763
20.115625
338.711778
484.781243
-311.387716
20.115625
371.006611
501.996792
-296.370565
20.115625
404.673484
516.591525
-272.506610
20.115625
438.408841
527.121316
-240.019601
20.115625
468.874007
532.907285
-201.683940
20.115625
492.858118
534.387893
-159.718788
20.115625
509.564216
532.066641
-115.389699
20.115625
519.013959
526.302582
-70.329853
20.115625
521.194284
517.602592
-26.977044
20.115625
516.507544
506.073824
14.348175
20.115625
505.470283
491.737101
52.785652
20.115625
488.481743
475.064269
86.518658
20.115625
466.686129
457.303783
113.647273
20.115625
442.500179
439.459607
134.210441
20.115625
417.980461
421.760672
149.489071
20.115625
393.866022
404.156731
160.632568
20.115625
370.317706
386.570248
168.444788
20.115625
347.358996
368.932419
173.488124
20.115625
324.974403
351.179116
176.168368
20.115625
303.128421
333.859617
176.794028
20.115625
282.491552
317.014078
175.766441
20.115625
263.057874
300.572438
173.398184
20.115625
244.688009
284.487300
169.925459
20.115625
227.274556
268.718824
165.530902
20.115625
210.724199
253.231498
160.357439
20.115625
194.953956
237.991230
154.517108
20.115625
179.887883
222.963008
148.096751
20.115625
165.454576
208.108716
141.161549
20.115625
151.585014
193.839015
133.992798
20.115625
138.617659
180.141407
126.679943
20.115625
126.485099
166.942079
119.260700
20.115625
115.073476
154.174481
111.757700
20.115625
104.284941
141.773655
104.179305
20.115625
94.030864
129.675521
96.521690
20.115625
84.229840
117.815822
88.769740
20.115625
74.805501
106.129079
80.896956
20.115625
65.684288
94.547658
72.864173
20.115625
56.792900
83.001415
64.616648
20.115625
48.055024
71.419438
56.078470
20.115625
39.386584
59.808601
47.196374
20.115625
30.739756
48.242963
37.897143
20.115625
22.057915
36.889044
27.973082
20.115625
13.178387
26.660205
17.068485
20.115625
3.846425
21.586770
4.370773
20.115625
-6.499740
28.103016
-9.474455
20.115625
-17.186502
39.275407
-21.498862
20.115625
-25.994579
51.675145
-33.166902
20.115625
-34.141454
64.557274
-44.810214
20.115625
-41.893292
77.791729
-56.633823
20.115625
-49.391546
91.402168
-68.792845
20.115625
-56.720918
105.461646
-81.423689
20.115625
-63.935148
120.064131
-94.658403
20.115625
-71.067180
135.316565
-108.633104
20.115625
-78.133110
151.337575
-123.494178
20.115625
-85.132903
168.258851
-139.403776
20.115625
-92.048845
186.227945
-156.545486
20.115625
-98.841895
205.412253
-175.130779
20.115625
-105.445557
225.236002
-194.644248
20.115625
-111.535802
245.650599
-215.064185
20.115625
-116.991343
266.821995
-236.582877
20.115625
-121.728719
288.848460
-259.329746
20.115625
-125.606040
311.844186
-283.453382
20.115625
-128.438071
335.947883
-309.130489
20.115625
-129.979548
361.340650
-336.584628
20.115625
-129.896940
388.286200
-366.129176
20.115625
-127.714372
417.209124
-398.251607
20.115625
-122.696669
446.155044
-430.740060
20.115625
-114.510636
475.369846
-463.758852
20.115625
-102.467454
504.796089
-497.076598
20.115625
-85.611384
534.037526
-529.966045
20.115625
-62.669229
561.919168
-560.627690
20.115625
-32.328098
585.631719
-585.265129
20.115625
4.959982
602.136932
-600.060082
20.115625
45.739967
610.749282
-604.137570
20.115625
87.337527
611.644485
-597.638958
20.115625
128.576879
605.021180
-581.050393
20.115625
167.410962
592.082897
-556.573341
20.115625
200.956800
574.761057
-527.245839
20.115625
227.941790
553.665228
-493.861362
20.115625
249.482469
529.363075
-457.370343
20.115625
265.768690
502.840959
-419.359845
20.115625
276.734009
475.741402
-382.190315
20.115625
282.587697
449.504279
-347.682704
20.115625
284.193941
424.659933
-316.297003
20.115625
282.643992
401.197712
-287.792195
20.115625
278.802113
378.962957
-261.793016
20.115625
273.263063
357.802216
-237.968963
20.115625
266.436785
337.584499
-216.048345
20.115625
258.615097
318.201621
-195.809300
20.115625
250.012703
299.563375
-177.067767
20.115625
240.791576
281.592850
-159.667933
20.115625
231.075844
264.222680
-143.475265
20.115625
220.961161
247.392113
-128.371483
20.115625
210.520740
231.044641
-114.250843
20.115625
199.809241
215.125964
-101.017300
20.115625
188.865155
199.582073
-88.582196
20.115625
177.712015
184.449763
-76.932068
20.115625
166.428765
170.118186
-66.305600
20.115625
155.367713
156.458031
-56.537526
20.115625
144.492163
143.383808
-47.508947
20.115625
133.780334
130.963635
-39.212259
20.115625
123.325723
119.126733
-31.547713
20.115625
113.098550
107.787426
-24.413443
20.115625
103.041131
96.877048
-17.723538
20.115625
93.093503
86.343197
-11.402671
20.115625
83.189473
76.155683
-5.382854
20.115625
73.253495
66.320793
0.399877
20.115625
63.195327
56.914341
6.009468
20.115625
52.900758
48.158800
11.515969
20.115625
42.213909
40.603258
17.007705
20.115625
30.898611
35.496325
22.623467
20.115625
18.534547
35.273589
28.683322
20.115625
4.105454
41.118302
34.288983
20.115625
-10.504382
49.587415
38.805563
20.115625
-23.417977
59.335165
42.772571
20.115625
-35.868239
69.819959
46.328005
20.115625
-48.206890
80.845677
49.531086
20.115625
-60.646984
92.360480
52.401478
20.115625
-73.347836
104.380065
54.931991
20.115625
-86.446724
116.956644
57.092049
20.115625
-100.073553
130.166346
58.826739
20.115625
-114.359320
144.104897
60.052664
20.115625
-129.442113
158.887677
60.650527
20.115625
-145.472228
174.652919
60.453466
20.115625
-162.617287
191.499730
59.236249
20.115625
-180.993301
208.728069
56.847364
20.115625
-199.827790
226.615921
53.059811
20.115625
-219.396430
245.318819
47.575594
20.115625
-239.819197
264.595024
40.176258
20.115625
-260.752290
284.009681
30.803642
20.115625
-281.616754
303.826094
19.111590
20.115625
-302.556448
324.129569
4.755041
20.115625
-323.469826
345.031277
-12.702591
20.115625
-344.210093
366.672937
-33.825441
20.115625
-364.554857
389.238572
-59.366066
20.115625
-384.158428
412.958734
-90.351923
20.115625
-402.451000
438.050709
-128.129499
20.115625
-418.409628
464.314291
-173.818669
20.115625
-430.081612
489.839094
-225.415494
20.115625
-434.425546
511.667691
-277.168689
20.115625
-429.623912
528.749357
-325.919877
20.115625
-415.869544
540.692093
-370.322709
20.115625
-393.451893
546.504585
-406.287951
20.115625
-364.955783
546.496872
-433.290554
20.115625
-332.435690
541.224750
-451.314077
20.115625
-298.052336
531.082737
-461.286481
20.115625
-262.410019
516.441227
-463.635764
20.115625
-226.602695
498.244729
-459.133174
20.115625
-192.457529
478.043016
-449.389600
20.115625
-161.769818
457.074076
-436.198766
20.115625
-135.065576
435.916364
-420.816890
20.115625
-111.944554
414.799197
-404.003646
20.115625
-91.841107
393.823121
-386.232092
20.115625
-74.275055
373.039082
-367.814938
20.115625
-58.870112
352.474980
-348.968623
20.115625
-45.330712
332.145371
-329.846963
20.115625
-33.419902
312.055323
-310.559950
20.115625
-22.943487
292.201958
-291.184786
20.115625
-13.739228
272.574871
-271.772476
20.115625
-5.669509
253.667642
-252.865918
20.115625
1.209131
235.388467
-234.420438
20.115625
7.081677
217.652236
-216.382920
20.115625
12.095017
200.995039
-199.326707
20.115625
16.224404
185.243102
-183.097319
20.115625
19.640268
170.290594
-167.599651
20.115625
22.463413
156.041679
-152.741111
20.115625
24.789518
142.412299
-138.434255
20.115625
26.694219
129.328848
-124.595174
20.115625
28.237477
116.728158
-111.141972
20.115625
29.466700
104.558933
-97.992949
20.115625
30.418975
92.785752
-85.064324
20.115625
31.122633
81.397982
-72.267183
20.115625
31.598218
70.429006
-59.503084
20.115625
31.858900
59.998261
-46.657172
20.115625
31.910206
50.405012
-33.586382
20.115625
31.748730
42.329943
-20.094934
20.115625
31.358879
37.175542
-5.881310
20.115625
30.704931
37.139706
9.593495
20.115625
29.710003
44.344309
27.719008
20.115625
28.167995
55.879801
45.005484
20.115625
26.313879
68.192401
60.443243
20.115625
24.334741
80.976696
75.248336
20.115625
22.142148
94.131806
89.824075
20.115625
19.692490
107.671884
104.410747
20.115625
16.940839
121.658726
119.183945
20.115625
13.834537
136.179093
134.290083
20.115625
10.309243
151.337225
149.862661
20.115625
6.284910
167.253607
166.031240
20.115625
1.660666
184.067028
182.927307
20.115625
-3.692232
201.939183
200.688764
20.115625
-9.940604
221.062377
219.464079
20.115625
-17.304746
241.672324
239.417114
20.115625
-26.082938
263.176611
259.891210
20.115625
-36.247060
284.673626
279.957013
20.115625
-47.523743
306.394872
299.756502
20.115625
-60.159940
328.390859
319.227661
20.115625
-74.361405
350.653780
338.218038
20.115625
-90.343754
373.164141
356.515403
20.115625
-108.367914
395.887876
373.823381
20.115625
-128.758113
418.772601
389.720531
20.115625
-151.933409
441.738794
403.583002
20.115625
-178.463677
464.656094
414.423604
20.115625
-209.173906
486.331526
420.391215
20.115625
-243.690256
505.313304
419.604355
20.115625
-280.836398
520.959217
409.934767
20.115625
-320.854101
531.463283
389.336084
20.115625
-361.200770
535.426423
359.071985
20.115625
-396.666265
533.395437
321.999443
20.115625
-424.761595
526.328356
279.992841
20.115625
-445.220068
514.849174
234.336853
20.115625
-457.986106
500.290540
189.008612
20.115625
-462.776113
483.019276
144.421652
20.115625
-460.483842
463.308456
101.460820
20.115625
-451.614646
441.859562
61.932197
20.115625
-437.035052
420.035439
28.044682
20.115625
-418.615131
398.892166
0.462402
20.115625
-398.384372
378.630314
-21.677759
20.115625
-377.473643
359.107100
-39.437983
20.115625
-356.367671
340.154071
-53.639804
20.115625
-335.295280
321.634913
-64.884324
20.115625
-314.379394
303.442729
-73.619963
20.115625
-293.688530
285.490182
-80.190665
20.115625
-273.257136
267.700552
-84.866016
20.115625
-253.094264
250.547895
-87.790261
20.115625
-233.800084
234.006081
-89.259303
20.115625
-215.376378
217.977554
-89.518050
20.115625
-197.727323
202.388906
-88.754238
20.115625
-180.774213
187.175993
-87.114181
20.115625
-164.442493
172.279542
-84.711590
20.115625
-148.659170
158.112044
-81.742614
20.115625
-133.839176
144.636930
-78.336058
20.115625
-119.911071
131.766459
-74.578233
20.115625
-106.751340
119.427134
-70.530896
20.115625
-94.252823
107.554214
-66.235623
20.115625
-82.317147
96.092520
-61.717450
20.115625
-70.852596
84.998885
-56.987056
20.115625
-59.771629
74.248402
-52.041738
20.115625
-48.988206
63.848714
-46.865133
20.115625
-38.414571
53.872856
-41.425327
20.115625
-27.956903
44.537403
-35.670521
20.115625
-17.508735
36.390071
-29.520155
20.115625
-6.939693
30.692122
-22.846222
20.115625
3.926586
29.643483
-15.428646
20.115625
15.364068
35.067129
-6.819056
20.115625
27.902789
47.516775
4.128176
20.115625
42.850481
60.590048
13.948250
20.115625
55.425282
73.807477
23.520511
20.115625
67.005155
87.283632
33.252814
20.115625
78.153979
100.978687
43.250390
20.115625
89.002588
114.946705
53.626371
20.115625
99.661020
129.333938
64.542658
20.115625
110.258217
144.269580
76.147067
20.115625
120.874718
159.886498
88.596220
20.115625
131.566576
176.325333
102.063721
20.115625
142.369174
193.738801
116.747920
20.115625
153.297122
212.296418
132.880397
20.115625
164.340898
231.809073
150.388675
20.115625
175.254257
251.760334
168.873571
20.115625
185.634976
272.425582
188.643552
20.115625
195.511304
293.897474
209.856474
20.115625
204.771452
316.282572
232.695851
20.115625
213.266659
339.703482
257.375925
20.115625
220.797307
364.309721
284.157083
20.115625
227.094004
390.296087
313.372667
20.115625
231.784315
417.938278
345.481349
20.115625
234.329689
447.673346
381.185215
20.115625
233.890184
478.627556
419.614035
20.115625
229.355098
509.584480
459.326613
20.115625
219.751602
540.552783
500.364981
20.115625
203.537609
570.344916
541.196218
20.115625
178.872409
595.811209
577.433402
20.115625
145.454545
613.424499
603.775420
20.115625
106.490468
622.444691
618.737989
20.115625
64.776977
623.039993
622.334457
20.115625
21.771965
615.492578
614.837291
20.115625
-20.039459
600.614773
597.405082
20.115625
-58.656928
580.511237
572.933910
20.115625
-91.298369
555.987216
542.804132
20.115625
-118.662631
527.652849
508.109015
20.115625
-140.847859
496.961369
470.942354
20.115625
-157.414303
466.855116
435.062011
20.115625
-168.137168
437.815796
401.094564
20.115625
-174.359352
410.475470
369.755537
20.115625
-177.105382
384.782834
340.917589
20.115625
-177.280536
360.499083
314.239793
20.115625
-175.522941
337.430226
289.442743
20.115625
-172.271348
315.420512
266.299433
20.115625
-167.839425
294.346256
244.626126
20.115625
-162.459651
274.104289
224.268103
20.115625
-156.308481
254.605567
205.091679
20.115625
-149.521770
235.770354
186.978384
20.115625
-142.204450
217.524547
169.820690
20.115625
-134.436690
199.796608
153.518660
20.115625
-126.277739
182.514708
137.977047
20.115625
-117.768055
166.213983
123.633534
20.115625
-109.257490
150.757520
110.313322
20.115625
-100.767865
136.032478
97.873099
20.115625
-92.309551
121.935963
86.186078
20.115625
-83.879084
108.374003
75.138867
20.115625
-75.461492
95.260624
64.628043
20.115625
-67.031069
82.518620
54.556912
20.115625
-58.551069
70.083983
44.832084
20.115625
-49.972097
57.919981
35.359369
20.115625
-41.228641
46.060349
26.038084
20.115625
-32.232523
34.773134
16.768055
20.115625
-22.877167
25.167036
7.526717
20.115625
-13.118302
20.384146
-1.876281
20.115625
-2.711940
24.884018
-11.737297
20.115625
8.764236
37.708864
-22.757409
20.115625
22.347716
52.782648
-33.070729
20.115625
35.884487
66.819969
-41.813744
20.115625
48.082021
80.550414
-49.856295
20.115625
59.984004
94.211748
-57.442626
20.115625
71.913557
107.981256
-64.697203
20.115625
84.080826
122.005407
-71.685768
20.115625
96.653152
136.416264
-78.436888
20.115625
109.783484
151.340591
-84.948970
20.115625
123.624466
166.905964
-91.190462
20.115625
138.337494
183.245707
-97.095374
20.115625
154.100095
200.503664
-102.554159
20.115625
171.113194
218.831441
-107.396662
20.115625
189.600945
237.334569
-111.189058
20.115625
208.710451
256.296058
-113.811383
20.115625
228.757513
275.840920
-115.025835
20.115625
249.905247
296.084779
-114.502170
20.115625
272.306465
317.185032
-111.783557
20.115625
296.152229
338.839357
-106.377801
20.115625
321.078238
360.283012
-98.044817
20.115625
346.101755
381.898148
-86.201823
20.115625
371.498052
403.764140
-70.160346
20.115625
397.112538
425.987992
-48.976820
20.115625
422.684754
448.680053
-21.337588
20.115625
447.720738
471.834597
14.474929
20.115625
471.183324
494.789633
59.667671
20.115625
490.766657
515.330421
111.534271
20.115625
502.713548
531.451999
164.653891
20.115625
504.901658
542.803110
216.387868
20.115625
497.400109
549.188658
266.016547
20.115625
480.040353
549.798965
308.578071
20.115625
454.591947
545.085054
341.172476
20.115625
424.634455
535.672712
364.997669
20.115625
391.557554
521.827548
380.735545
20.115625
356.286115
504.108806
388.641235
20.115625
320.435705
483.867044
389.521512
20.115625
286.348860
462.618097
385.054460
20.115625
255.624584
441.179473
376.913626
20.115625
228.409299
419.845164
366.254516
20.115625
204.261971
398.717829
353.818067
20.115625
182.713010
377.838739
340.095550
20.115625
163.378369
357.226423
325.427977
20.115625
145.954480
336.888254
310.060482
20.115625
130.198136
316.824021
294.172912
20.115625
115.909963
297.026833
277.897830
20.115625
102.922772
277.482968
261.331446
20.115625
91.093548
258.171092
244.540243
20.115625
80.297845
239.060906
227.564699
20.115625
70.425749
220.516638
210.790633
20.115625
61.565074
203.125847
194.819651
20.115625
53.858845
186.672299
179.515702
20.115625
47.074638
171.024681
164.800565
20.115625
41.055782
156.062959
150.592846
20.115625
35.676372
141.679228
136.812111
20.115625
30.835233
127.774228
123.377539
20.115625
26.449912
114.254960
110.206374
20.115625
22.452449
101.032961
97.211623
20.115625
18.786196
88.023682
84.298671
20.115625
15.403387
75.148445
71.360106
20.115625
12.263182
62.343896
58.267267
20.115625
9.329986
49.596522
44.855198
20.115625
6.571741
37.076397
30.892683
20.115625
3.957651
25.751421
16.012000
20.115625
1.453676
20.146374
-0.505136
20.115625
-0.991376
29.199962
-20.869893
20.115625
-3.528027
43.134441
-37.795814
20.115625
-5.236229
57.681162
-53.666991
20.115625
-6.506321
72.399974
-69.151124
20.115625
-7.432347
87.325934
-84.596090
20.115625
-8.042508
102.571487
-100.233810
20.115625
-8.333958
118.267352
-116.249417
20.115625
-8.282586
134.557073
-132.813510
20.115625
-7.844683
151.590511
-150.088879
20.115625
-6.955077
169.528137
-168.239853
20.115625
-5.522930
188.549147
-187.441769
20.115625
-3.424282
208.858353
-207.886827
20.115625
-0.490542
230.696240
-229.790777
20.115625
3.509361
253.430472
-252.482223
20.115625
8.665610
276.997373
-275.849855
20.115625
15.157961
301.716651
-300.140283
20.115625
23.326163
327.496818
-325.160935
20.115625
33.464807
353.349300
-349.833772
20.115625
45.468901
379.597652
-374.322797
20.115625
59.767738
406.215725
-398.392251
20.115625
76.747584
433.161662
-421.701712
20.115625
96.912606
460.357489
-443.730631
20.115625
120.944229
487.652161
-463.634543
20.115625
149.809888
514.694753
-479.906496
20.115625
184.921080
539.215148
-489.309531
20.115625
225.664619
559.010408
-488.539645
20.115625
270.955740
571.462383
-474.937846
20.115625
317.172917
575.224570
-449.992850
20.115625
357.750056
571.579367
-416.433304
20.115625
391.000815
561.730006
-376.208377
20.115625
416.657195
547.021674
-332.336838
20.115625
434.027994
528.787337
-287.404880
20.115625
443.407087
507.526254
-242.142554
20.115625
445.584160
483.927560
-198.043992
20.115625
441.089359
459.351045
-157.531711
20.115625
431.024946
435.316680
-122.509195
20.115625
417.237907
412.463778
-93.022565
20.115625
401.333442
390.762896
-68.221501
20.115625
384.235383
370.029447
-47.267832
20.115625
366.446320
350.090466
-29.511275
20.115625
348.263953
330.807134
-14.458511
20.115625
329.878270
312.069186
-1.727705
20.115625
311.415403
293.786555
8.984369
20.115625
292.959353
275.882363
17.923899
20.115625
274.563606
258.287308
25.294055
20.115625
256.257499
241.029858
31.234816
20.115625
238.149408
224.462499
35.804380
20.115625
220.673563
208.434056
39.226718
20.115625
203.718879
193.050613
41.637781
20.115625
187.430510
178.587662
43.165018
20.115625
172.121167
164.885862
43.983409
20.115625
157.633020
151.836491
44.220381
20.115625
143.854925
139.340973
43.971993
20.115625
130.681797
127.310319
43.309673
20.115625
118.015047
115.662591
42.285040
20.115625
105.759973
104.321265
40.933070
20.115625
93.823087
93.214447
39.273860
20.115625
82.108823
82.275643
37.313036
20.115625
70.515107
71.448129
35.040492
20.115625
58.926740
60.699004
32.426528
20.115625
47.204353
50.062351
29.412978
20.115625
35.163580
39.782045
25.892312
20.115625
22.529111
30.836502
21.649169
20.115625
8.807095
26.778030
16.115086
20.115625
-7.261442
31.895964
10.279198
20.115625
-22.517820
41.606807
4.573076
20.115625
-36.132741
53.169949
-1.366526
20.115625
-49.198960
65.714400
-7.693426
20.115625
-62.085064
79.016392
-14.540567
20.115625
-75.016823
93.077914
-22.048837
20.115625
-88.162965
107.999773
-30.383015
20.115625
-101.667030
123.944202
-39.746518
20.115625
-115.662186
141.086698
-50.372728
20.115625
-130.243641
159.188358
-62.247446
20.115625
-145.125981
178.490699
-75.671217
20.115625
-160.399994
198.333428
-90.307224
20.115625
-175.431228
218.715297
-106.236853
20.115625
-190.119631
239.845243
-123.718707
20.115625
-204.486634
261.828665
-142.956856
20.115625
-218.432939
284.787018
-164.191368
20.115625
-231.819330
308.862559
-187.708405
20.115625
-244.452443
334.230852
-213.860805
20.115625
-256.064797
361.121212
-243.103282
20.115625
-266.279338
389.853967
-276.058049
20.115625
-274.542221
420.915983
-313.650048
20.115625
-279.980845
455.109774
-357.391815
20.115625
-281.054014
489.283003
-403.638394
20.115625
-275.806573
523.461313
-452.637643
20.115625
-262.156961
555.179296
-501.120928
20.115625
-238.111796
579.802798
-541.873982
20.115625
-205.278429
595.538981
-571.320389
20.115625
-166.898330
602.545584
-589.116086
20.115625
-124.895074
600.981233
-595.092281
20.115625
-81.479944
591.673057
-589.980554
20.115625
-39.941386
575.294156
-574.941985
20.115625
-0.665085
553.342847
-551.930966
20.115625
33.998189
526.495062
-522.202244
20.115625
64.009591
498.517621
-490.475162
20.115625
86.886682
470.866461
-458.853870
20.115625
103.748309
443.761317
-427.845271
20.115625
116.051246
417.177978
-397.563728
20.115625
124.803482
391.059051
-368.028636
20.115625
130.680779
366.507053
-340.521383
20.115625
134.044655
343.212575
-314.691749
20.115625
135.496628
321.007643
-290.340591
20.115625
135.438584
299.758157
-267.302770
20.115625
134.162376
279.353870
-245.438235
20.115625
131.886388
259.700981
-224.624882
20.115625
128.777417
240.717221
-204.753644
20.115625
124.964344
222.325772
-185.722126
20.115625
120.546266
204.451862
-167.430968
20.115625
115.597562
187.685934
-150.451602
20.115625
110.388798
171.854452
-134.568044
20.115625
104.979788
156.842580
-119.628897
20.115625
99.417722
142.546458
-105.496416
20.115625
93.730255
128.874908
-92.045772
20.115625
87.929968
115.749031
-79.161281
20.115625
82.016409
103.103928
-66.732880
20.115625
75.976999
102.713101
-66.351378
20.115625
75.781511
