37.460995
10.000000
20.082982
30.000000
67.770685
57.419443
20.082982
29.875527
112.085014
106.255936
20.082982
29.485594
154.327188
150.260314
20.082982
28.903166
194.508433
191.409161
20.082982
28.155594
233.430168
230.963071
20.082982
27.246600
271.550319
269.538810
20.082982
26.174023
309.187562
307.525708
20.082982
24.931127
346.586242
345.204444
20.082982
23.507209
383.947834
382.796999
20.082982
21.887681
421.448253
420.491555
20.082982
20.053836
459.248366
458.456508
20.082982
17.982365
497.421010
496.768979
20.082982
15.649791
534.596574
534.057808
20.082982
13.131214
571.158467
570.710504
20.082982
10.401354
607.264919
606.887099
20.082982
7.443459
643.034732
642.707061
20.082982
4.239507
678.567542
678.269851
20.082982
0.769194
713.948734
713.659951
20.082982
-2.990276
749.252974
748.950457
20.082982
-7.064462
784.546794
784.205655
20.082982
-11.482013
819.890565
819.482968
20.082982
-16.275064
855.340082
854.834458
20.082982
-21.479720
890.947908
890.308065
20.082982
-27.136649
926.764589
925.948667
20.082982
-33.291811
962.839838
961.799063
20.082982
-39.997381
999.223772
997.900951
20.082982
-47.312916
1035.968330
1034.295994
20.082982
-55.306877
1073.128996
1071.027081
20.082982
-64.058631
1110.767056
1108.139953
20.082982
-73.661189
1148.952718
1145.685458
20.082982
-84.225011
1187.769706
1183.722896
20.082982
-95.883535
1227.322386
1222.325301
20.082982
-108.801521
1267.747603
1261.588399
20.082982
-123.188357
1308.586860
1301.022433
20.082982
-139.057080
1349.155061
1339.921916
20.082982
-156.285988
1389.572633
1378.354828
20.082982
-175.062109
1429.856248
1416.277227
20.082982
-195.561703
1470.025294
1453.632456
20.082982
-217.999364
1510.103429
1490.346742
20.082982
-242.643003
1550.122376
1526.323445
20.082982
-269.838460
1590.128236
1561.433246
20.082982
-300.051161
1630.285922
1595.573849
20.082982
-334.025378
1670.812266
1628.543387
20.082982
-372.903123
1711.868922
1659.822735
20.082982
-418.426061
1751.419686
1686.919386
20.082982
-470.500348
1790.352950
1708.611956
20.082982
-534.420755
1820.081470
1718.317567
20.082982
-599.731581
1838.270537
1716.434442
20.082982
-657.790276
1848.009669
1705.510954
20.082982
-711.314835
1850.519967
1686.494032
20.082982
-761.418874
1846.172217
1659.458269
20.082982
-808.793410
1835.309984
1625.494493
20.082982
-851.896157
1818.969630
1586.647364
20.082982
-889.267862
1797.871131
1543.767740
20.082982
-921.259162
1772.719452
1497.826595
20.082982
-947.969630
1743.455150
1448.553806
20.082982
-970.012579
1709.625145
1395.341863
20.082982
-987.641583
1670.694285
1337.726496
20.082982
-1000.651733
1626.487814
1275.937874
20.082982
-1008.484915
1578.812008
1212.823038
20.082982
-1010.596018
1531.709000
1153.516266
20.082982
-1007.536281
1487.236206
1099.973072
20.082982
-1000.763433
1445.238481
1051.391795
20.082982
-991.406191
1405.178065
1006.709607
20.082982
-980.131540
1366.628141
965.142442
20.082982
-967.351651
1329.287376
926.140744
20.082982
-953.344074
1292.941354
889.308937
20.082982
-938.308922
1257.432876
854.351391
20.082982
-922.397859
1222.642974
821.039255
20.082982
-905.730124
1188.478950
789.189883
20.082982
-888.402058
1154.866660
758.653674
20.082982
-870.493124
1121.745396
729.305363
20.082982
-852.069889
1089.064372
701.038067
20.082982
-833.188759
1056.780231
673.759100
20.082982
-813.897908
1024.855236
647.386941
20.082982
-794.238677
993.255904
621.848997
20.082982
-774.246595
961.951948
597.079896
20.082982
-753.952135
930.915431
573.020175
20.082982
-733.381274
900.120067
549.615229
20.082982
-712.555898
869.540619
526.814468
20.082982
-691.494092
839.152369
504.570606
20.082982
-670.210322
808.930617
482.839059
20.082982
-648.715547
778.850205
461.577413
20.082982
-627.017231
748.885031
440.744934
20.082982
-605.119300
719.007546
420.302112
20.082982
-583.022006
689.188195
400.210200
20.082982
-560.721711
659.394794
380.430747
20.082982
-538.210567
629.591793
360.925087
20.082982
-515.476072
599.739390
341.653771
20.082982
-492.500467
569.792424
322.575885
20.082982
-469.259926
539.698959
303.648230
20.082982
-445.723448
509.398414
284.824255
20.082982
-421.851350
478.954431
266.135296
20.082982
-397.700924
448.298363
247.531332
20.082982
-373.224243
417.315226
228.936839
20.082982
-348.334028
385.905865
210.288743
20.082982
-322.953022
355.031147
192.146069
20.082982
-297.865199
324.520851
174.391028
20.082982
-272.943632
294.269153
156.947742
20.082982
-248.109683
264.164370
139.739798
20.082982
-223.276235
234.090153
122.690257
20.082982
-198.348114
203.922341
105.718821
20.082982
-173.218145
173.526024
88.738211
20.082982
-147.761581
142.754279
71.648837
20.082982
-121.827346
111.456669
54.330172
20.082982
-95.223397
79.540537
36.625342
20.082982
-67.690141
47.409262
18.310026
20.082982
-38.846555
21.663042
-0.981560
20.082982
-8.062118
39.490844
-21.986260
20.082982
25.938484
77.976415
-43.591708
20.082982
61.455335
118.226344
-64.775949
20.082982
96.841203
154.755409
-83.555738
20.082982
128.702561
189.502357
-101.144358
20.082982
158.989421
223.178657
-117.965465
20.082982
188.386665
256.199676
-134.251746
20.082982
217.281883
288.850451
-150.152874
20.082982
245.937739
321.348382
-165.774606
20.082982
274.554615
353.872380
-181.196178
20.082982
303.298995
386.578459
-196.479051
20.082982
332.318464
419.608997
-211.671583
20.082982
361.750640
452.277593
-226.443588
20.082982
390.992322
484.249484
-240.639719
20.082982
419.746068
515.759517
-254.360927
20.082982
448.224354
546.916685
-267.646452
20.082982
476.529024
577.809932
-280.522526
20.082982
504.745583
608.512745
-293.004697
20.082982
532.947167
639.086886
-305.099570
20.082982
561.197803
669.585031
-316.805928
20.082982
589.554740
700.052706
-328.115413
20.082982
618.070174
730.529756
-339.012906
20.082982
646.792584
761.051509
-349.476662
20.082982
675.767812
791.649735
-359.478238
20.082982
705.039980
822.353465
-368.982230
20.082982
734.652305
853.189752
-377.945828
20.082982
764.647878
884.184397
-386.318143
20.082982
795.070446
915.362711
-394.039295
20.082982
825.965254
946.750350
-401.039176
20.082982
857.380008
978.374301
-407.235805
20.082982
889.366036
1010.264121
-412.533108
20.082982
921.979774
1042.453552
-416.817892
20.082982
955.284736
1074.982758
-419.955636
20.082982
989.354268
1107.901573
-421.784464
20.082982
1024.275566
1141.274444
-422.106222
20.082982
1060.155822
1175.195018
-420.672202
20.082982
1097.139418
1209.800654
-417.158302
20.082982
1135.426461
1244.219662
-411.344467
20.082982
1174.084737
1278.044897
-403.071078
20.082982
1212.653759
1311.444340
-392.053667
20.082982
1251.310055
1344.497540
-377.936394
20.082982
1290.129602
1377.296879
-360.240385
20.082982
1329.199094
1409.960076
-338.294405
20.082982
1368.627409
1442.651265
-311.103515
20.082982
1408.564500
1475.611166
-277.085840
20.082982
1449.223386
1509.142676
-233.574289
20.082982
1490.822371
1542.879904
-176.966366
20.082982
1532.565815
1571.782079
-112.286949
20.082982
1567.637464
1592.254418
-50.216183
20.082982
1591.335647
1606.584226
9.998390
20.082982
1606.427584
1616.007316
69.127252
20.082982
1614.403216
1621.102621
127.615684
20.082982
1615.946973
1622.059859
185.879256
20.082982
1611.249131
1618.915080
242.280692
20.082982
1600.557021
1611.647683
297.112622
20.082982
1583.896783
1599.829950
350.971447
20.082982
1560.727903
1584.227270
399.771637
20.082982
1532.825937
1564.660181
444.480266
20.082982
1500.065148
1540.571417
485.619265
20.082982
1461.892915
1511.021630
523.264080
20.082982
1417.384119
1478.209734
554.147597
20.082982
1370.263162
1447.075911
575.920925
20.082982
1327.381051
1416.607786
591.853248
20.082982
1286.889283
1386.229502
603.517302
20.082982
1247.796366
1355.690581
611.747412
20.082982
1209.652317
1324.841920
617.070981
20.082982
1172.188633
1293.573749
619.850611
20.082982
1135.215812
1261.789425
620.346629
20.082982
1098.580578
1230.428038
618.829651
20.082982
1063.296615
1199.536192
615.621179
20.082982
1029.317402
1169.015327
610.968250
20.082982
996.449349
1138.808763
605.065585
20.082982
964.560890
1108.873496
598.070395
20.082982
933.546414
1079.176356
590.112293
20.082982
903.319302
1049.690839
581.299828
20.082982
873.806639
1020.395001
571.724985
20.082982
844.945663
991.269963
561.466395
20.082982
816.681272
962.298825
550.591662
20.082982
788.964210
933.465841
539.159094
20.082982
761.749710
904.755757
527.218998
20.082982
734.996450
876.153278
514.814674
20.082982
708.665712
847.642594
501.983154
20.082982
682.720699
819.206953
488.755776
20.082982
657.125938
790.828253
475.158591
20.082982
631.846749
762.486623
461.212656
20.082982
606.848753
734.159977
446.934206
20.082982
582.097382
705.823531
432.334715
20.082982
557.557374
677.449220
417.420852
20.082982
533.192227
649.005022
402.194307
20.082982
508.963586
620.454112
386.651470
20.082982
484.830506
591.753783
370.782922
20.082982
460.748563
562.854052
354.572687
20.082982
436.668716
533.695773
337.997132
20.082982
412.535806
504.208046
321.023378
20.082982
388.286516
474.304518
303.606955
20.082982
363.846488
443.877907
285.688256
20.082982
339.126069
412.791524
267.186982
20.082982
314.013746
381.939139
248.641590
20.082982
289.225759
351.258581
230.027277
20.082982
264.701183
320.643644
211.288957
20.082982
240.345579
289.982499
192.363996
20.082982
216.061604
259.152082
173.178413
20.082982
191.743873
228.013797
153.643174
20.082982
167.274447
196.407589
133.648181
20.082982
142.515889
164.144671
113.052308
20.082982
117.300139
131.002146
91.665776
20.082982
91.409090
96.743071
69.215979
20.082982
64.537151
61.350657
45.271805
20.082982
36.208294
28.222707
19.036983
20.082982
5.548718
35.599947
-9.803448
20.082982
-27.711415
76.244904
-39.818493
20.082982
-61.842112
116.082844
-67.171069
20.082982
-92.519987
154.056985
-93.026184
20.082982
-121.146018
190.943350
-118.169006
20.082982
-148.634192
227.214038
-142.992362
20.082982
-175.431118
263.204551
-167.756365
20.082982
-201.819502
299.178364
-192.661758
20.082982
-228.003979
335.175477
-217.752205
20.082982
-254.014274
371.391338
-243.179654
20.082982
-279.985456
408.002300
-269.086306
20.082982
-306.031225
443.808723
-294.633228
20.082982
-331.291590
478.919894
-319.898445
20.082982
-355.845365
513.552848
-345.040532
20.082982
-379.842379
547.830940
-370.154382
20.082982
-403.362302
581.855017
-395.321429
20.082982
-426.465593
615.708962
-420.613370
20.082982
-449.197721
649.463918
-446.095041
20.082982
-471.592270
683.181274
-471.826491
20.082982
-493.673060
716.914868
-497.864541
20.082982
-515.455624
750.712662
-524.264018
20.082982
-536.948242
784.618079
-551.078778
20.082982
-558.152653
818.671090
-578.362592
20.082982
-579.064539
852.909159
-606.169970
20.082982
-599.673806
887.368078
-634.556952
20.082982
-619.964720
922.082766
-663.581920
20.082982
-639.915882
957.088052
-693.306482
20.082982
-659.500065
992.419498
-723.796458
20.082982
-678.683889
1028.114297
-755.123047
20.082982
-697.427320
1064.212323
-787.364262
20.082982
-715.682933
1100.757388
-820.606739
20.082982
-733.394902
1137.798848
-854.948103
20.082982
-750.497591
1175.393708
-890.500167
20.082982
-766.913616
1213.609527
-927.393386
20.082982
-782.551127
1252.528576
-965.783281
20.082982
-797.299919
1292.254048
-1005.860055
20.082982
-811.025737
1332.919835
-1047.863679
20.082982
-823.561578
1374.706785
-1092.108840
20.082982
-834.693777
1417.871732
-1139.029170
20.082982
-844.138302
1462.804312
-1189.263003
20.082982
-851.496706
1510.153064
-1243.841827
20.082982
-856.163803
1557.894044
-1300.722462
20.082982
-857.176529
1605.952691
-1360.049932
20.082982
-853.782702
1655.090608
-1423.139978
20.082982
-844.745048
1706.437262
-1492.180143
20.082982
-827.600885
1759.373256
-1567.657951
20.082982
-798.398068
1797.695343
-1626.208271
20.082982
-765.997308
1827.310439
-1675.125400
20.082982
-729.804773
1850.288201
-1717.233782
20.082982
-688.673537
1866.207005
-1751.558915
20.082982
-643.713155
1874.894511
-1777.193177
20.082982
-597.001268
1876.876164
-1794.922143
20.082982
-548.192769
1872.398641
-1804.545227
20.082982
-499.089040
1861.683158
-1806.532524
20.082982
-449.334057
1844.448945
-1800.772330
20.082982
-398.506714
1820.979516
-1787.269239
20.082982
-348.183485
1791.603167
-1766.329498
20.082982
-299.196737
1754.573798
-1736.612340
20.082982
-249.606625
1712.126395
-1699.920576
20.082982
-203.084963
1670.628025
-1662.349630
20.082982
-164.888992
1630.365491
-1624.811265
20.082982
-132.953613
1590.937191
-1587.303841
20.082982
-105.566747
1552.048538
-1549.767732
20.082982
-81.678131
1513.388202
-1512.043023
20.082982
-60.550973
1474.861737
-1474.133689
20.082982
-41.757442
1436.399249
-1436.041591
20.082982
-24.980483
1397.948636
-1397.768767
20.082982
-9.976809
1359.468047
-1359.315329
20.082982
3.446869
1320.921436
-1320.678410
20.082982
15.448346
1282.957051
-1282.536723
20.082982
25.981204
1245.863036
-1245.205342
20.082982
35.143056
1209.491963
-1208.555899
20.082982
43.129117
1173.749866
-1172.508668
20.082982
50.088366
1138.561413
-1136.999049
20.082982
56.142046
1103.864753
-1101.973345
20.082982
61.390676
1069.607346
-1067.385236
20.082982
65.918951
1035.743185
-1033.193447
20.082982
69.799134
1002.230821
-999.360113
20.082982
73.093489
969.031916
-965.849565
20.082982
75.856076
936.110110
-932.627404
20.082982
78.134098
903.430125
-899.659732
20.082982
79.968937
870.956992
-866.912505
20.082982
81.396958
838.655361
-834.350923
20.082982
82.450137
806.488845
-801.938849
20.082982
83.156561
774.419359
-769.638193
20.082982
83.540819
742.406410
-737.408251
20.082982
83.624301
710.406303
-705.204926
20.082982
83.425429
678.371201
-672.979813
20.082982
82.959814
646.247975
-640.679050
20.082982
82.240338
613.976746
-608.241843
20.082982
81.277169
581.488961
-575.598514
20.082982
80.077685
548.704786
-542.667834
20.082982
78.646281
515.529434
-509.353248
20.082982
76.984021
481.847799
-475.537338
20.082982
75.088053
447.516250
-441.073316
20.082982
72.950650
413.517920
-406.944334
20.082982
70.640306
379.771774
-373.064009
20.082982
68.165383
346.171003
-339.318439
20.082982
65.528882
312.606180
-305.588356
20.082982
62.730008
278.962076
-271.743980
20.082982
59.763894
245.116282
-237.639883
20.082982
56.621123
210.939299
-203.107306
20.082982
53.286809
176.300467
-167.942143
20.082982
49.738968
141.095458
-131.884802
20.082982
45.945634
105.363956
-94.583416
20.082982
41.859461
69.892072
-55.518629
20.082982
37.406649
40.596307
-13.822272
20.082982
32.460418
46.501222
32.296084
20.082982
26.758184
85.117200
80.110659
20.082982
20.588686
129.467750
127.102478
20.082982
14.266474
170.887528
169.498403
20.082982
8.337406
210.688386
209.714019
20.082982
2.509941
249.464186
248.632260
20.082982
-3.324664
287.603890
286.753233
20.082982
-9.233359
325.393035
324.413639
20.082982
-15.267348
363.059579
361.867235
20.082982
-21.471755
400.797745
399.321472
20.082982
-27.890296
438.781874
436.956810
20.082982
-34.568104
477.175269
474.938091
20.082982
-41.553839
515.168951
512.467060
20.082982
-48.715858
552.372852
549.161266
20.082982
-55.985233
589.068661
585.300252
20.082982
-63.420630
625.389887
621.015323
20.082982
-71.057395
661.448185
656.414753
20.082982
-78.930652
697.338550
691.589092
20.082982
-87.076142
733.143671
726.615527
20.082982
-95.531103
768.937069
761.560954
20.082982
-104.335056
804.785489
796.484253
20.082982
-113.530580
840.750821
831.438036
20.082982
-123.164154
876.891744
866.470054
20.082982
-133.287094
913.265261
901.624416
20.082982
-143.956673
949.928241
936.942717
20.082982
-155.237503
986.939122
972.465198
20.082982
-167.203300
1024.359963
1008.232062
20.082982
-179.939202
1062.259104
1044.285132
20.082982
-193.544937
1100.714882
1080.670145
20.082982
-208.139286
1139.821137
1117.440209
20.082982
-223.866652
1179.695966
1154.661409
20.082982
-240.907196
1219.669681
1191.660883
20.082982
-259.104508
1259.464467
1228.136525
20.082982
-278.438673
1299.146632
1264.098760
20.082982
-299.053456
1338.724118
1299.493357
20.082982
-321.085585
1378.205679
1334.253391
20.082982
-344.696180
1417.601691
1368.295614
20.082982
-370.078831
1456.926104
1401.515683
20.082982
-397.472181
1496.199574
1433.780751
20.082982
-427.179818
1535.454773
1464.917325
20.082982
-459.603380
1574.745810
1494.689845
20.082982
-495.301232
1614.165411
1522.758692
20.082982
-535.100562
1653.874123
1548.584348
20.082982
-580.329910
1691.562754
1569.864403
20.082982
-629.688003
1727.427864
1585.595389
20.082982
-685.194104
1761.587411
1593.243888
20.082982
-751.239505
1785.760729
1589.063825
20.082982
-814.502433
1799.827393
1575.421873
20.082982
-870.069675
1806.232210
1553.801554
20.082982
-920.745458
1805.806478
1524.557009
20.082982
-967.605104
1798.687830
1487.650368
20.082982
-1010.826872
1785.957815
1446.501736
20.082982
-1047.317869
1768.042798
1400.902599
20.082982
-1078.445138
1745.922140
1352.650298
20.082982
-1103.710996
1719.709007
1301.583303
20.082982
-1123.777847
1689.180304
1247.318494
20.082982
-1138.913231
1653.892777
1189.423965
20.082982
-1149.012020
1613.375870
1127.697834
20.082982
-1153.635976
1568.122048
1063.470752
20.082982
-1152.229747
1521.324777
1001.364496
20.082982
-1145.117853
1476.477355
945.377673
20.082982
-1133.950223
1434.232210
895.447096
20.082982
-1120.175524
1394.100617
850.310507
20.082982
-1104.574690
1355.590745
808.943149
20.082982
-1087.581686
1318.349815
770.632339
20.082982
-1069.471227
1282.130398
734.875402
20.082982
-1050.434754
1246.754364
701.303714
20.082982
-1030.614486
1212.089188
669.636362
20.082982
-1010.120793
1178.033170
639.652002
20.082982
-989.042031
1144.506073
611.171234
20.082982
-967.450540
1111.443017
584.045166
20.082982
-945.406526
1078.790361
558.147724
20.082982
-922.960689
1046.502824
533.370334
20.082982
-900.156054
1014.541424
509.618113
20.082982
-877.029278
982.871937
486.807101
20.082982
-853.611601
951.463721
464.862181
20.082982
-829.929539
920.288778
443.715486
20.082982
-806.005383
889.320985
423.305160
20.082982
-781.857551
858.535435
403.574369
20.082982
-757.500823
827.907851
384.470485
20.082982
-732.946471
797.414035
365.944413
20.082982
-708.202304
767.029343
347.950004
20.082982
-683.272626
736.728140
330.443542
20.082982
-658.158105
706.483230
313.383260
20.082982
-632.855560
676.502871
296.858401
20.082982
-607.558967
646.788291
280.839200
20.082982
-582.289543
617.282104
265.267279
20.082982
-557.016284
587.929496
250.089913
20.082982
-531.707440
558.673388
235.257029
20.082982
-506.326732
529.453067
220.720253
20.082982
-480.832397
500.202310
206.431823
20.082982
-455.175710
470.847034
192.343372
20.082982
-429.298998
441.302120
178.404459
20.082982
-403.132837
411.466922
164.560620
20.082982
-376.591960
381.218514
150.750580
20.082982
-349.569008
351.283322
137.295455
20.082982
-322.717530
321.742117
124.213438
20.082982
-296.117689
292.482686
111.438373
20.082982
-269.674405
263.401725
98.911666
20.082982
-243.297400
234.391474
86.575652
20.082982
-216.888666
205.337878
74.372036
20.082982
-190.339481
176.118164
62.239587
20.082982
-163.525275
146.599870
50.110943
20.082982
-136.297795
116.647185
37.907674
20.082982
-108.472337
86.163087
25.531822
20.082982
-79.805247
55.348508
12.849609
20.082982
-49.950162
27.212864
-0.344996
20.082982
-18.360142
29.446870
-14.432165
20.082982
15.984511
63.600794
-29.234045
20.082982
52.793043
102.950845
-44.192137
20.082982
90.788795
139.050788
-57.397352
20.082982
125.049348
173.072481
-69.544469
20.082982
157.207902
205.911553
-81.029447
20.082982
188.229833
238.034798
-92.044599
20.082982
218.597874
269.749610
-102.706213
20.082982
248.622122
301.284365
-113.091956
20.082982
278.530342
332.823708
-123.256481
20.082982
308.506296
364.526738
-133.238903
20.082982
338.709036
396.537524
-143.066587
20.082982
369.283947
428.922595
-152.736628
20.082982
400.303372
460.516326
-161.889422
20.082982
430.655054
491.640014
-170.616692
20.082982
460.647936
522.422037
-178.946425
20.082982
490.407622
552.957770
-186.892356
20.082982
520.029054
583.325951
-194.459118
20.082982
549.592113
613.592885
-201.643583
20.082982
579.165579
643.815450
-208.435677
20.082982
608.809967
674.043273
-214.818825
20.082982
638.579580
704.320392
-220.770107
20.082982
668.524081
734.686554
-226.260205
20.082982
698.689721
765.178309
-231.253135
20.082982
729.120365
795.829957
-235.705794
20.082982
759.858391
826.674443
-239.567294
20.082982
790.945523
857.744249
-242.778052
20.082982
822.423667
889.072355
-245.268571
20.082982
854.335798
920.693351
-246.957831
20.082982
886.726988
952.644785
-247.751140
20.082982
919.645656
984.968917
-247.537226
20.082982
953.145195
1017.730313
-246.183310
20.082982
987.302102
1050.992212
-243.529044
20.082982
1022.191229
1084.828155
-239.379150
20.082982
1057.897170
1119.336613
-233.490340
20.082982
1094.528843
1154.654230
-225.550175
20.082982
1132.232389
1189.461403
-215.624626
20.082982
1169.581602
1223.973192
-203.491942
20.082982
1206.771759
1258.277627
-188.906088
20.082982
1243.854393
1292.450839
-171.564423
20.082982
1280.855767
1326.583824
-151.076509
20.082982
1317.800138
1360.793209
-126.920358
20.082982
1354.712536
1395.239280
-98.364838
20.082982
1391.622679
1430.156815
-64.323138
20.082982
1428.568417
1465.902295
-23.062373
20.082982
1465.583276
1502.941956
28.297431
20.082982
1502.541331
1540.797282
92.964366
20.082982
1537.859084
1573.274202
162.911528
20.082982
1564.687900
1597.223778
228.504382
20.082982
1580.666384
1614.958997
291.148310
20.082982
1588.370831
1627.648485
351.739522
20.082982
1589.061223
1635.837951
410.888294
20.082982
1583.266650
1639.645928
468.934248
20.082982
1571.030272
1638.954976
524.103637
20.082982
1552.767035
1633.629656
577.109727
20.082982
1528.164549
1623.728825
625.682426
20.082982
1498.203415
1609.613323
668.718606
20.082982
1463.990147
1591.031300
707.048580
20.082982
1425.152475
1567.404332
740.851243
20.082982
1381.119998
1537.948072
769.719112
20.082982
1331.320184
1504.875844
791.196797
20.082982
1279.943596
1473.338372
804.354445
20.082982
1234.235212
1442.135070
812.208952
20.082982
1191.497735
1410.687843
816.079778
20.082982
1150.500178
1378.752757
816.661119
20.082982
1110.684678
1346.168253
814.384354
20.082982
1071.701341
1313.568166
809.670250
20.082982
1034.162505
1281.443512
802.991907
20.082982
998.447869
1249.669163
794.669976
20.082982
964.245468
1218.180344
784.949886
20.082982
931.350471
1186.930371
774.023943
20.082982
899.603977
1155.885247
762.047142
20.082982
868.879468
1125.019320
749.147006
20.082982
839.073243
1094.312502
735.430098
20.082982
810.098201
1063.748376
720.986508
20.082982
781.879618
1033.312870
705.893012
20.082982
754.352183
1002.993269
690.215364
20.082982
727.457850
972.777475
674.009984
20.082982
701.144229
942.653396
657.325208
20.082982
675.363362
912.608449
640.202227
20.082982
650.070737
882.629104
622.675789
20.082982
625.224496
852.700469
604.774701
20.082982
600.784758
822.805876
586.522190
20.082982
576.713018
792.926447
567.936115
20.082982
552.971603
763.040627
549.029066
20.082982
529.523141
733.123657
529.808335
20.082982
506.330029
703.146946
510.275753
20.082982
483.353864
673.077318
490.427383
20.082982
460.554808
642.876069
470.253028
20.082982
437.890858
612.497764
449.735498
20.082982
415.316948
581.888652
428.849565
20.082982
392.783818
550.984531
407.560465
20.082982
370.236538
519.707786
385.821740
20.082982
347.612488
487.963140
363.572070
20.082982
324.838498
455.631316
340.730477
20.082982
301.826626
422.559146
317.188769
20.082982
278.467575
389.596459
293.556757
20.082982
255.355645
356.799553
269.885283
20.082982
232.517803
324.117750
246.146452
20.082982
209.906918
291.467192
222.285101
20.082982
187.454346
258.700751
198.195526
20.082982
165.049344
225.659492
173.757253
20.082982
142.573830
192.162538
148.824606
20.082982
119.893083
157.999522
123.213630
20.082982
96.844846
122.927753
96.678510
20.082982
73.220024
86.717016
68.865060
20.082982
48.724924
49.643839
39.204573
20.082982
22.895110
21.761283
6.608487
20.082982
-5.153172
49.502890
-28.600532
20.082982
-35.060228
94.314349
-64.870433
20.082982
-65.449959
135.175122
-96.979786
20.082982
-91.999502
174.107624
-127.460944
20.082982
-116.892456
211.887090
-157.075535
20.082982
-140.783837
248.986352
-186.243084
20.082982
-164.025581
285.734680
-215.244985
20.082982
-186.843725
322.385820
-244.296309
20.082982
-209.400583
359.150801
-273.577488
20.082982
-231.821763
396.215818
-303.250849
20.082982
-254.209699
433.543888
-333.301626
20.082982
-276.526676
469.871672
-362.718751
20.082982
-298.012029
505.622006
-391.844193
20.082982
-318.917568
540.942026
-420.801034
20.082982
-339.324975
575.950910
-449.692046
20.082982
-359.295405
610.746806
-478.605040
20.082982
-378.874056
645.412339
-507.617174
20.082982
-398.093666
680.018410
-536.797946
20.082982
-416.976830
714.626920
-566.211379
20.082982
-435.537580
749.292808
-595.917673
20.082982
-453.782451
784.065628
-625.974537
20.082982
-471.711206
818.990817
-656.438286
20.082982
-489.317289
854.110762
-687.364816
20.082982
-506.588074
889.465738
-718.810509
20.082982
-523.504942
925.094779
-750.833121
20.082982
-540.043192
961.036533
-783.492708
20.082982
-556.171796
997.330135
-816.852646
20.082982
-571.852977
1034.016182
-850.980799
20.082982
-587.041581
1071.137845
-885.950945
20.082982
-601.684202
1108.742221
-921.844547
20.082982
-615.717971
1146.882064
-958.753081
20.082982
-629.068893
1185.618068
-996.781176
20.082982
-641.649565
1225.022047
-1036.051002
20.082982
-653.355960
1265.181533
-1076.708675
20.082982
-664.062811
1306.206757
-1118.933955
20.082982
-673.616782
1348.241804
-1162.955739
20.082982
-681.825920
1391.483640
-1209.078290
20.082982
-688.442504
1436.217191
-1257.729302
20.082982
-693.133101
1482.887381
-1309.557679
20.082982
-695.420983
1531.167003
-1364.395413
20.082982
-694.618040
1579.180263
-1420.252162
20.082982
-690.138227
1627.555795
-1477.980602
20.082982
-681.254636
1676.785407
-1538.391905
20.082982
-666.750569
1727.654437
-1602.857201
20.082982
-644.387554
1780.537211
-1672.619926
20.082982
-610.124593
1823.194531
-1731.735705
20.082982
-569.847715
1854.621042
-1777.905298
20.082982
-527.511739
1878.375874
-1815.651217
20.082982
-480.939970
1893.934449
-1843.735539
20.082982
-432.693466
1902.038754
-1862.894587
20.082982
-383.369084
1903.163221
-1873.760083
20.082982
-332.641054
1897.551446
-1876.341141
20.082982
-282.209298
1885.395644
-1870.980475
20.082982
-231.830698
1866.334482
-1857.425958
20.082982
-181.024536
1841.774050
-1836.831164
20.082982
-133.340168
1811.433745
-1809.201608
20.082982
-87.626624
1774.128587
-1773.498594
20.082982
-42.797804
1728.380572
-1728.263341
20.082982
1.378376
1684.442075
-1683.935798
20.082982
36.083361
1642.132865
-1640.755819
20.082982
64.166676
1600.715679
-1598.190145
20.082982
87.610606
1559.811993
-1555.974121
20.082982
107.492619
1519.205967
-1513.964435
20.082982
124.479450
1478.759445
-1472.072844
20.082982
139.024139
1438.374589
-1430.237555
20.082982
151.455171
1397.975266
-1388.409284
20.082982
162.022150
1357.878173
-1346.937939
20.082982
170.844949
1318.934918
-1306.717968
20.082982
177.972313
1280.905928
-1267.508779
20.082982
183.679521
1243.659269
-1229.177988
20.082982
188.166218
1207.093156
-1191.622299
20.082982
191.590337
1171.127528
-1154.759443
20.082982
194.079850
1135.697058
-1118.521390
20.082982
195.740599
1100.746724
-1082.850070
20.082982
196.661514
1066.228801
-1047.694490
20.082982
196.918221
1032.100745
-1013.008709
20.082982
196.575624
998.323637
-978.750355
20.082982
195.689803
964.860994
-944.879494
20.082982
194.309430
931.677827
-911.357729
20.082982
192.476847
898.739845
-878.147453
20.082982
190.228898
866.012770
-845.211182
20.082982
187.597573
833.461693
-812.510941
20.082982
184.610505
801.050448
-780.007655
20.082982
181.291347
768.740965
-747.660518
20.082982
177.660056
736.492558
-715.426291
20.082982
173.733081
704.261116
-683.258507
20.082982
169.523469
671.998139
-651.106504
20.082982
165.040884
639.649536
-618.914235
20.082982
160.291524
607.154093
-586.618729
20.082982
155.277924
574.441437
-554.148048
20.082982
149.998598
541.429257
-521.418492
20.082982
144.447464
508.019365
-488.330622
20.082982
138.612957
474.091890
-454.763382
20.082982
132.476639
439.523778
-420.592138
20.082982
126.016186
405.377254
-386.861754
20.082982
119.437746
371.478694
-353.393399
20.082982
112.721780
337.722137
-320.073730
20.082982
105.857088
303.993301
-286.778468
20.082982
98.826672
270.171957
-253.372404
20.082982
91.607779
236.130416
-219.703367
20.082982
84.170530
201.734558
-185.593560
20.082982
76.475724
166.853307
-150.825744
20.082982
68.471122
131.400243
-115.119508
20.082982
60.084913
95.517678
-78.086519
20.082982
51.213243
60.606963
-39.134725
20.082982
41.693538
37.238734
2.779770
20.082982
31.235717
56.422723
49.011772
20.082982
19.443346
98.626895
96.299170
20.082982
7.099875
141.750268
140.243928
20.082982
-4.631716
182.568997
180.782074
20.082982
-15.682923
222.030675
219.531772
20.082982
-26.459319
260.638796
257.196001
20.082982
-37.141258
298.742007
294.201216
20.082982
-47.844594
336.606701
330.847386
20.082982
-58.657927
374.452429
367.367801
20.082982
-69.657690
412.471347
403.957824
20.082982
-80.915774
450.840049
440.790649
20.082982
-92.504198
489.650635
477.953427
20.082982
-104.474587
527.453820
514.059460
20.082982
-116.391915
564.663389
549.506903
20.082982
-128.388394
601.450458
584.458263
20.082982
-140.527104
637.942169
619.031648
20.082982
-152.861716
674.245873
653.324187
20.082982
-165.443880
710.454504
687.417259
20.082982
-178.324954
746.650528
721.380218
20.082982
-191.557474
782.908919
755.273096
20.082982
-205.196489
819.299571
789.148642
20.082982
-219.300896
855.889409
823.053958
20.082982
-233.934899
892.744408
857.031917
20.082982
-249.169710
929.931743
891.122502
20.082982
-265.085660
967.522315
925.364245
20.082982
-281.774944
1005.593999
959.795977
20.082982
-299.345362
1044.236834
994.459811
20.082982
-317.925974
1083.363174
1029.230853
20.082982
-337.574128
1122.358877
1063.518685
20.082982
-358.070006
1161.318132
1097.361796
20.082982
-379.543892
1200.242561
1130.708316
20.082982
-402.091512
1239.133703
1163.496801
20.082982
-425.821796
1277.992841
1195.653684
20.082982
-450.859893
1316.821868
1227.090690
20.082982
-477.352013
1355.624484
1257.701102
20.082982
-505.472406
1394.407989
1287.354238
20.082982
-535.433822
1433.186178
1315.887026
20.082982
-567.503859
1471.984296
1343.090516
20.082982
-602.031815
1510.848046
1368.686870
20.082982
-639.495696
1549.861099
1392.286517
20.082982
-680.591180
1589.181349
1413.298040
20.082982
-726.417707
1626.427866
1429.687467
20.082982
-775.150323
1661.650660
1440.602802
20.082982
-827.854550
1695.227907
1444.343352
20.082982
-887.280458
1725.915368
1436.792619
20.082982
-956.037395
1745.287356
1418.466584
20.082982
-1016.649978
1755.560150
1392.025438
20.082982
-1069.510774
1758.464028
1358.025383
20.082982
-1116.942018
1754.422597
1316.173482
20.082982
-1159.863219
1744.483071
1270.798687
20.082982
-1194.942909
1729.284749
1221.529713
20.082982
-1223.882175
1709.483180
1169.462764
20.082982
-1246.710175
1685.589810
1115.354489
20.082982
-1263.643164
1657.450940
1058.755802
20.082982
-1275.059388
1624.659651
999.217228
20.082982
-1280.890545
1586.660490
936.426851
20.082982
-1280.700174
1543.479351
871.246734
20.082982
-1273.912991
1497.723775
807.936178
20.082982
-1260.956903
1453.439266
751.398021
20.082982
-1243.978854
1411.760224
701.898232
20.082982
-1224.745882
1372.207919
657.910092
20.082982
-1204.037191
1334.247070
618.191079
20.082982
-1182.223206
1297.500438
581.899247
20.082982
-1159.524613
1261.708701
548.452086
20.082982
-1136.092351
1226.688000
517.427863
20.082982
-1112.038007
1192.303059
488.507938
20.082982
-1087.448046
1158.450889
461.442713
20.082982
-1062.391528
1125.050673
436.030727
20.082982
-1036.924730
1092.037269
412.105286
20.082982
-1011.094112
1059.356874
389.525582
20.082982
-984.938313
1026.964028
368.170586
20.082982
-958.489545
994.819466
347.934730
20.082982
-931.774580
962.888516
328.724772
20.082982
-904.815446
931.139873
310.457467
20.082982
-877.629933
899.544610
293.057793
20.082982
-850.231915
868.075348
276.457582
20.082982
-822.631563
836.705529
260.594435
20.082982
-794.835427
805.595626
245.499673
20.082982
-767.014274
774.962543
231.220916
20.082982
-739.391983
744.730852
217.665768
20.082982
-711.928598
714.846279
204.760431
20.082982
-684.598453
685.256770
192.439218
20.082982
-657.374065
655.911973
180.643394
20.082982
-630.226273
626.761907
169.319870
20.082982
-603.123489
597.755738
158.420148
20.082982
-576.030948
568.840541
147.899408
20.082982
-548.909829
539.959921
137.715691
20.082982
-521.716186
511.052399
127.829120
20.082982
-494.399579
482.049381
118.201111
20.082982
-466.901250
452.872490
108.793492
20.082982
-439.151617
423.429850
99.567458
20.082982
-411.066701
393.610659
90.482181
20.082982
-382.542807
363.341398
81.511680
20.082982
-353.510243
333.531974
72.912282
20.082982
-324.844657
304.018997
64.616033
20.082982
-296.393307
274.698981
56.577608
20.082982
-268.058162
245.461356
48.753737
20.082982
-239.731150
216.189679
41.103019
20.082982
-211.294091
186.758932
33.584468
20.082982
-182.613406
157.033989
26.155787
20.082982
-153.532480
126.873307
18.770899
20.082982
-123.859449
96.157454
11.375984
20.082982
-93.346220
64.954903
3.902205
20.082982
-61.648893
34.857672
-3.749796
20.082982
-28.243055
24.539188
-11.750416
20.082982
7.795722
55.524878
-20.287702
20.082982
47.624521
95.274581
-28.734637
20.082982
88.590294
133.277364
-36.277922
20.082982
126.662709
168.786025
-43.004675
20.082982
161.975289
202.985755
-49.216360
20.082982
195.902120
236.422812
-55.039682
20.082982
229.048146
269.446761
-60.544401
20.082982
261.787330
302.314094
-65.771423
20.082982
294.388528
335.231682
-70.743764
20.082982
327.066162
368.378517
-75.471345
20.082982
360.004835
401.918127
-79.953004
20.082982
393.373070
435.445071
-84.110227
20.082982
426.772250
468.228287
-87.842336
20.082982
459.475926
500.584549
-91.180751
20.082982
491.800402
532.637502
-94.125964
20.082982
523.869912
564.489192
-96.670179
20.082982
555.787368
596.225018
-98.798168
20.082982
587.639233
627.918195
-100.487801
20.082982
619.499907
659.632914
-101.710184
20.082982
651.434797
691.426709
-102.429524
20.082982
683.502568
723.352308
-102.602738
20.082982
715.756882
755.459198
-102.178820
20.082982
748.247795
787.795030
-101.097944
20.082982
781.022975
820.406981
-99.290253
20.082982
814.128819
853.343208
-96.674245
20.082982
847.611583
886.654502
-93.154626
20.082982
881.518631
920.396325
-88.619425
20.082982
915.899921
954.631483
-82.936019
20.082982
950.809949
989.433846
-75.945541
20.082982
986.310440
1024.893804
-67.454721
20.082982
1022.474373
1061.126762
-57.223464
20.082982
1059.392352
1097.880185
-45.089801
20.082982
1096.770024
1134.326828
-31.145482
20.082982
1133.721300
1170.673753
-15.159360
20.082982
1170.403308
1206.987030
3.091295
20.082982
1206.815979
1243.343950
23.878821
20.082982
1242.952394
1279.837848
47.543973
20.082982
1278.796763
1316.587782
74.527052
20.082982
1314.323316
1353.754440
105.420742
20.082982
1349.494062
1391.567970
141.065613
20.082982
1384.253800
1430.378593
182.735389
20.082982
1418.515905
1470.741805
232.514230
20.082982
1452.107181
1513.393771
293.874801
20.082982
1484.451070
1557.320616
369.420046
20.082982
1512.736926
1593.473396
445.068814
20.082982
1529.924144
1620.558129
514.369623
20.082982
1536.629172
1641.107388
579.688685
20.082982
1535.184406
1656.199000
642.122362
20.082982
1526.522412
1666.241864
702.399576
20.082982
1510.825423
1671.055662
759.467407
20.082982
1488.365868
1670.478097
812.900679
20.082982
1459.207398
1664.454230
860.664423
20.082982
1424.521431
1653.421888
901.472349
20.082982
1385.910609
1637.312819
936.329318
20.082982
1343.010555
1615.656320
965.429325
20.082982
1295.333253
1587.725900
988.349834
20.082982
1242.431009
1553.566964
1003.921130
20.082982
1185.457444
1519.072699
1010.979128
20.082982
1133.622398
1485.281506
1012.106204
20.082982
1086.875732
1451.091550
1008.927714
20.082982
1042.750319
1416.091581
1002.173552
20.082982
1000.280066
1381.278918
992.633439
20.082982
960.316082
1346.915924
980.943070
20.082982
922.783762
1312.876167
967.489747
20.082982
887.245228
1279.090032
952.560866
20.082982
853.402472
1245.510202
936.376378
20.082982
821.030825
1212.104100
919.110466
20.082982
789.955046
1178.848594
900.904519
20.082982
760.034031
1145.726662
881.875445
20.082982
731.151119
1112.725190
862.121225
20.082982
703.207661
1079.833444
841.724754
20.082982
676.118613
1047.041982
820.756555
20.082982
649.809405
1014.341824
799.276747
20.082982
624.213658
981.723796
777.336478
20.082982
599.271463
949.177978
754.978971
20.082982
574.928048
916.693209
732.240290
20.082982
551.132716
884.256625
709.149870
20.082982
527.837963
851.853192
685.730864
20.082982
504.998729
819.465211
662.000329
20.082982
482.571726
787.071783
637.969260
20.082982
460.514808
754.648176
613.642463
20.082982
438.786361
722.165090
589.018272
20.082982
417.344661
689.587740
564.088054
20.082982
396.147185
656.874706
538.835475
20.082982
375.149817
623.976444
513.235436
20.082982
354.305890
590.833292
487.252556
20.082982
333.564985
557.461539
460.909314
20.082982
312.925943
523.870361
434.221960
20.082982
292.383512
489.931075
407.095505
20.082982
271.849925
455.494634
379.415341
20.082982
251.229049
421.292068
351.776562
20.082982
230.947896
387.543830
324.369420
20.082982
211.119334
354.102428
297.084798
20.082982
191.639836
320.838415
269.824295
20.082982
172.420450
287.560064
242.434322
20.082982
153.339701
254.099077
214.775521
20.082982
134.292555
220.290763
186.705299
20.082982
115.177365
185.943658
158.048949
20.082982
95.876209
150.832250
128.583529
20.082982
76.245114
114.696258
98.006374
20.082982
56.095063
77.318091
65.871012
20.082982
35.153532
39.492463
31.433329
20.082982
12.972060
24.066040
-6.831899
20.082982
-11.365442
62.926205
-47.073023
20.082982
-36.612998
107.668861
-86.440501
20.082982
-60.969642
148.925772
-122.162797
20.082982
-82.775664
188.409641
-156.264357
20.082982
-103.326267
226.834728
-189.474993
20.082982
-123.084908
264.645274
-222.218208
20.082982
-142.312553
302.157253
-254.786963
20.082982
-161.180901
339.638426
-287.426757
20.082982
-179.824341
377.404649
-320.424657
20.082982
-198.390982
415.642033
-353.956402
20.082982
-216.955847
454.058140
-387.778060
20.082982
-235.358544
491.628384
-420.993113
20.082982
-253.100653
528.740388
-453.945890
20.082982
-270.363090
565.535633
-486.766337
20.082982
-287.203342
602.130115
-519.563731
20.082982
-303.662443
638.620048
-552.431575
20.082982
-319.768031
675.087089
-585.452144
20.082982
-335.536941
711.601982
-618.699671
20.082982
-350.976884
748.227198
-652.242696
20.082982
-366.087530
785.018941
-686.145887
20.082982
-380.861173
822.028738
-720.471512
20.082982
-395.283089
859.304755
-755.280704
20.082982
-409.331642
896.892959
-790.634621
20.082982
-422.978190
934.838189
-826.595561
20.082982
-436.186764
973.185240
-863.228132
20.082982
-448.913552
1011.979990
-900.600535
20.082982
-461.106115
1051.270701
-938.786072
20.082982
-472.702308
1091.109564
-977.864995
20.082982
-483.628789
1131.554669
-1017.926913
20.082982
-493.798992
1172.672624
-1059.074020
20.082982
-503.110303
1214.542217
-1101.425664
20.082982
-511.440101
1257.259788
-1145.125055
20.082982
-518.640007
1300.947510
-1190.349627
20.082982
-524.527277
1345.766930
-1237.327952
20.082982
-528.871291
1391.942742
-1286.369330
20.082982
-531.371073
1439.808479
-1337.920366
20.082982
-531.614732
1489.910686
-1392.692562
20.082982
-528.997121
1540.305416
-1448.660994
20.082982
-522.990222
1590.609477
-1505.449744
20.082982
-513.085034
1641.255293
-1563.609113
20.082982
-498.439717
1692.664205
-1623.731897
20.082982
-477.706514
1745.489160
-1686.774408
20.082982
-448.465359
1800.174675
-1753.624728
20.082982
-406.233737
1847.896288
-1813.706698
20.082982
-353.249738
1880.219052
-1855.874646
20.082982
-300.914698
1902.240767
-1886.036675
20.082982
-246.945889
1914.862886
-1904.988174
20.082982
-193.175052
1919.288589
-1914.146565
20.082982
-138.954269
1915.839126
-1913.868753
20.082982
-84.514081
1904.877867
-1904.512499
20.082982
-31.440522
1886.274817
-1886.051093
20.082982
20.991282
1861.594096
-1860.199699
20.082982
69.183317
1831.019832
-1827.357349
20.082982
113.997437
1793.788270
-1786.845255
20.082982
156.387551
1748.244352
-1736.994420
20.082982
196.990796
1697.702142
-1681.615895
20.082982
232.286931
1650.313283
-1629.805582
20.082982
258.581461
1604.592360
-1580.008760
20.082982
279.079978
1559.718801
-1531.364356
20.082982
295.368617
1515.307179
-1483.474114
20.082982
308.313274
1471.127466
-1436.102788
20.082982
318.467389
1427.018827
-1389.086820
20.082982
326.216515
1384.142157
-1343.657694
20.082982
331.707983
1342.616262
-1299.919491
20.082982
335.297506
1302.186802
-1257.581703
20.082982
337.306092
1262.690811
-1216.453720
20.082982
337.972049
1224.006469
-1176.390596
20.082982
337.481369
1186.039632
-1137.278251
20.082982
335.983424
1148.707548
-1099.016171
20.082982
333.600299
1111.947320
-1061.525778
20.082982
330.433864
1075.705331
-1024.739250
20.082982
326.570212
1039.934574
-988.596620
20.082982
322.082778
1004.592753
-953.043719
20.082982
317.034606
969.640851
-918.030634
20.082982
311.480029
935.042010
-883.510498
20.082982
305.465929
900.760613
-849.438520
20.082982
299.032702
866.761491
-815.771143
20.082982
292.214986
833.009207
-782.465300
20.082982
285.042222
799.467375
-749.477702
20.082982
277.539063
766.097950
-716.764124
20.082982
269.725664
732.860489
-684.278649
20.082982
261.617853
699.711293
-651.972816
20.082982
253.227199
666.602402
-619.794625
20.082982
244.560952
633.480357
-587.687315
20.082982
235.621850
600.284606
-555.587810
20.082982
226.407747
566.945406
-523.424663
20.082982
216.911016
533.380929
-491.115245
20.082982
207.117614
499.493172
-458.561745
20.082982
197.005658
465.161876
-425.645245
20.082982
186.543212
430.317062
-392.294879
20.082982
175.710489
396.002709
-359.502636
20.082982
164.841358
362.039969
-327.087415
20.082982
153.894237
328.257276
-294.874416
20.082982
142.823639
294.493351
-262.696296
20.082982
131.581396
260.625222
-230.416939
20.082982
120.125829
226.519784
-197.879831
20.082982
108.404146
192.038751
-164.900986
20.082982
96.349470
157.052913
-131.253164
20.082982
83.874300
121.504230
-96.638339
20.082982
70.858896
85.693973
-60.633890
20.082982
57.128471
52.064412
-22.571307
20.082982
42.401804
37.955879
18.805701
20.082982
26.147049
66.961036
63.327800
20.082982
8.369225
111.499731
109.194981
20.082982
-10.262556
153.472797
149.737219
20.082982
-27.006269
193.649243
187.755112
20.082982
-42.950218
227.468032
219.438324
20.082982
-56.437589
