37.472212
10.000000
20.103897
30.000000
49.385543
33.824424
20.103897
29.844155
65.250143
54.644545
20.103897
29.451455
81.296751
73.280983
20.103897
28.894508
97.332490
90.967808
20.103897
28.183413
113.326448
108.131118
20.103897
27.319928
129.316434
125.007466
20.103897
26.300322
145.360228
141.755345
20.103897
25.116755
161.521123
158.494405
20.103897
23.757738
177.863709
175.322931
20.103897
22.208161
194.453022
192.326928
20.103897
20.449061
211.354889
209.585436
20.103897
18.457173
228.636716
227.173948
20.103897
16.204278
246.368474
245.166807
20.103897
13.656318
264.623802
263.639050
20.103897
10.772229
283.481233
282.667926
20.103897
7.502424
303.025591
302.334256
20.103897
3.786808
322.811170
322.184381
20.103897
-0.330612
342.714984
342.090400
20.103897
-4.853072
362.831193
362.140343
20.103897
-9.832588
383.209478
382.375012
20.103897
-15.319498
403.899418
402.832216
20.103897
-21.372384
424.951973
423.547699
20.103897
-28.059922
446.421761
444.556582
20.103897
-35.463599
468.370080
465.895137
20.103897
-43.681641
490.869363
487.603356
20.103897
-52.834954
513.848300
509.575005
20.103897
-63.001774
536.794934
531.283360
20.103897
-74.044758
559.794568
552.771038
20.103897
-86.081193
582.846452
573.989805
20.103897
-99.204451
605.946824
594.878242
20.103897
-113.522085
629.087810
615.357796
20.103897
-129.159159
652.256880
635.328149
20.103897
-146.263510
675.435770
654.660165
20.103897
-165.013275
698.598388
673.184844
20.103897
-185.627874
721.706553
690.675212
20.103897
-208.384103
744.700567
706.815086
20.103897
-233.639043
767.476186
721.142146
20.103897
-261.857854
789.822423
732.940736
20.103897
-293.620794
810.923115
740.967509
20.103897
-328.875787
829.862002
743.805540
20.103897
-367.450806
845.315395
739.969429
20.103897
-408.165646
855.677586
729.274946
20.103897
-447.144291
861.095535
712.394881
20.103897
-483.295859
861.935222
689.659844
20.103897
-516.621196
858.529141
662.306352
20.103897
-545.910630
851.507509
631.708500
20.103897
-570.618298
841.254892
598.165075
20.103897
-591.188777
828.205062
562.524547
20.103897
-607.524149
812.784740
525.582250
20.103897
-619.659718
795.091619
487.426705
20.103897
-627.838932
775.181625
448.245688
20.103897
-632.121973
753.178356
408.452762
20.103897
-632.487004
729.468959
368.911967
20.103897
-628.987088
704.859855
330.989632
20.103897
-621.988032
680.319604
295.975101
20.103897
-612.233074
656.466194
264.384970
20.103897
-600.536664
633.481345
236.066181
20.103897
-587.509324
611.329833
210.632212
20.103897
-573.545177
589.916128
187.695292
20.103897
-558.898335
569.142392
166.927390
20.103897
-543.740878
548.923435
148.061813
20.103897
-528.195485
529.188173
130.881878
20.103897
-512.353286
509.877652
115.209425
20.103897
-496.284033
490.942604
100.895735
20.103897
-480.042211
472.341298
87.814764
20.103897
-463.670899
454.037805
75.858196
20.103897
-447.204311
436.000623
64.931803
20.103897
-430.669522
418.201586
54.952746
20.103897
-414.087666
400.614971
45.847548
20.103897
-397.474768
383.216754
37.550553
20.103897
-380.842316
365.983950
30.002751
20.103897
-364.197638
349.016638
23.197835
20.103897
-347.664072
332.483396
17.141777
20.103897
-331.432047
316.326003
11.750079
20.103897
-315.467763
300.504236
6.955190
20.103897
-299.750321
284.980769
2.698754
20.103897
-284.257961
269.720618
-1.069761
20.103897
-268.968215
254.690020
-4.394309
20.103897
-253.857302
239.855439
-7.313191
20.103897
-238.899524
225.182583
-9.859761
20.103897
-224.066539
210.899705
-12.025684
20.103897
-209.594613
197.112661
-13.834312
20.103897
-195.596130
183.762420
-15.330848
20.103897
-182.014905
170.802924
-16.551814
20.103897
-168.806130
158.191140
-17.527716
20.103897
-155.926423
145.887092
-18.283918
20.103897
-143.333789
133.853553
-18.841385
20.103897
-130.987057
122.056005
-19.217244
20.103897
-118.845274
110.462951
-19.425219
20.103897
-106.867010
99.046877
-19.475919
20.103897
-95.009504
87.786472
-19.377003
20.103897
-83.227578
76.666157
-19.133056
20.103897
-71.466489
65.670450
-18.744377
20.103897
-59.641342
54.859545
-18.207740
20.103897
-47.685230
44.409451
-17.515316
20.103897
-35.514030
34.804002
-16.652948
20.103897
-23.018063
27.354796
-15.596701
20.103897
-10.042964
24.942918
-14.305218
20.103897
3.652841
30.137786
-12.699038
20.103897
18.516315
42.312161
-10.576591
20.103897
35.697172
56.835993
-8.219618
20.103897
52.522388
70.510949
-5.914994
20.103897
67.324885
83.845652
-3.533016
20.103897
81.323087
97.010039
-1.030843
20.103897
94.898464
110.116295
1.619897
20.103897
108.253442
123.252611
4.444211
20.103897
121.520733
136.494683
7.467433
20.103897
134.799367
149.911419
10.717033
20.103897
148.170213
163.568432
14.223862
20.103897
161.703887
177.530481
18.023267
20.103897
175.465286
191.863405
22.156271
20.103897
189.516487
206.635817
26.670942
20.103897
203.918746
221.920754
31.624075
20.103897
218.734022
237.797424
37.083303
20.103897
234.026232
254.353190
43.129819
20.103897
249.862357
271.676850
49.858288
20.103897
266.304891
289.172608
57.086583
20.103897
282.768019
306.979368
64.907665
20.103897
299.364595
325.166705
73.398208
20.103897
316.135924
343.798804
82.643074
20.103897
333.111953
362.652842
92.582699
20.103897
350.059082
381.673667
103.228339
20.103897
366.898530
400.913973
114.651206
20.103897
383.644299
420.402086
126.915548
20.103897
400.282639
440.166920
140.091928
20.103897
416.793717
460.238513
154.258194
20.103897
433.150934
480.648899
169.500920
20.103897
449.320192
501.433102
185.917285
20.103897
465.258801
522.630320
203.617571
20.103897
480.913890
544.285419
222.728562
20.103897
496.220151
566.450874
243.398246
20.103897
511.096586
589.189394
265.802468
20.103897
525.441742
612.577501
290.154537
20.103897
539.126491
636.710443
316.719314
20.103897
551.982697
661.708594
345.833893
20.103897
563.784547
687.724107
377.936530
20.103897
574.216214
714.939564
413.597943
20.103897
582.813139
743.518830
453.503442
20.103897
588.855425
773.310279
498.063492
20.103897
591.216864
803.079620
546.087016
20.103897
588.491019
830.226873
593.657729
20.103897
580.037062
853.244841
637.825792
20.103897
566.392842
872.138187
678.086669
20.103897
548.105208
887.155163
714.684225
20.103897
525.230022
897.993133
746.835670
20.103897
498.220817
904.265554
773.020735
20.103897
468.754699
906.269479
793.690081
20.103897
437.008304
904.170884
808.510525
20.103897
404.266683
898.210208
817.882265
20.103897
370.737120
888.451926
822.002293
20.103897
336.533638
874.893168
820.896269
20.103897
301.932449
857.672993
814.621554
20.103897
267.564047
837.381445
803.608473
20.103897
234.556899
815.134145
788.885561
20.103897
204.203524
792.006099
771.680176
20.103897
177.141753
768.601528
752.899258
20.103897
153.254202
745.170760
733.085869
20.103897
132.137817
721.808687
712.563457
20.103897
113.388418
698.551777
691.538179
20.103897
96.671426
675.414127
670.150606
20.103897
81.720513
652.400423
648.501436
20.103897
68.323003
629.510720
626.665113
20.103897
56.306452
606.742239
604.697552
20.103897
45.528543
584.089986
582.640798
20.103897
35.869836
561.546891
560.525956
20.103897
27.228606
539.188148
538.458636
20.103897
19.544553
517.488511
516.937587
20.103897
12.873359
496.341419
495.883715
20.103897
7.069537
475.687812
475.258481
20.103897
2.025891
455.476886
455.026949
20.103897
-2.345843
435.664607
435.157487
20.103897
-6.119191
416.211377
415.620265
20.103897
-9.356223
397.080424
396.386236
20.103897
-12.109841
378.236566
377.426337
20.103897
-14.425426
359.645184
358.710787
20.103897
-16.342056
341.271296
340.208402
20.103897
-17.893402
323.078636
321.885862
20.103897
-19.108391
305.028663
303.706851
20.103897
-20.011685
287.079382
285.630978
20.103897
-20.623993
269.585133
268.016340
20.103897
-20.957545
252.601103
250.919039
20.103897
-21.042486
236.061570
234.272873
20.103897
-20.907404
219.910742
218.021150
20.103897
-20.575366
204.094549
202.108436
20.103897
-20.064860
188.560370
186.480185
20.103897
-19.390385
173.256306
171.081854
20.103897
-18.562874
158.130498
155.857885
20.103897
-17.589980
143.130446
140.750462
20.103897
-16.476204
128.202435
125.697898
20.103897
-15.222880
113.291275
110.632429
20.103897
-13.827950
98.341050
95.477026
20.103897
-12.285478
83.298879
80.140501
20.103897
-10.584735
68.128356
64.509435
20.103897
-8.708558
52.857884
48.433753
20.103897
-6.630292
37.782024
31.697930
20.103897
-4.307658
24.528847
13.953977
20.103897
-1.668586
20.885994
-5.478364
20.103897
1.430258
35.373998
-28.599879
20.103897
5.403704
53.689831
-48.934064
20.103897
9.159074
71.355803
-67.265932
20.103897
12.758463
88.563177
-84.683308
20.103897
16.370922
105.483526
-101.588057
20.103897
20.061765
122.259097
-118.208167
20.103897
23.873610
139.007089
-134.698370
20.103897
27.841574
155.828136
-151.176433
20.103897
31.998867
172.812648
-167.739595
20.103897
36.379567
190.045276
-184.473208
20.103897
41.020434
207.608182
-201.455823
20.103897
45.962398
225.583593
-218.762474
20.103897
51.252031
244.055995
-236.466985
20.103897
56.943192
263.114187
-254.643721
20.103897
63.099005
282.853397
-273.369032
20.103897
69.794339
303.344760
-292.691625
20.103897
77.107002
323.888493
-311.935236
20.103897
84.829226
344.651863
-331.242526
20.103897
93.054439
365.709354
-350.663771
20.103897
101.853251
387.127580
-370.236518
20.103897
111.303716
408.977673
-389.995839
20.103897
121.498213
431.244113
-409.891526
20.103897
132.500019
453.509162
-429.515506
20.103897
144.162489
475.859518
-448.909865
20.103897
156.582399
498.304573
-468.040609
20.103897
169.827174
520.851105
-486.863475
20.103897
183.971910
543.502755
-505.321716
20.103897
199.100582
566.260313
-523.343987
20.103897
215.308258
589.121902
-540.841239
20.103897
232.704109
612.083079
-557.702177
20.103897
251.415614
635.136811
-573.786526
20.103897
271.594595
658.273208
-588.914737
20.103897
293.426111
681.478716
-602.851634
20.103897
317.141895
704.733785
-615.279134
20.103897
343.041001
728.006018
-625.748096
20.103897
371.521083
751.228264
-633.588482
20.103897
403.119553
772.947420
-637.630170
20.103897
436.430193
793.128923
-637.123647
20.103897
471.935144
811.438150
-630.810671
20.103897
510.005492
826.913129
-617.075041
20.103897
550.090492
837.716931
-596.052280
20.103897
588.291739
843.519251
-569.045078
20.103897
622.340951
844.774766
-538.132781
20.103897
650.886586
842.247132
-504.237192
20.103897
674.329977
836.430725
-467.804869
20.103897
693.087870
827.591951
-429.103932
20.103897
707.371251
816.231084
-389.584291
20.103897
716.974962
802.541033
-349.451961
20.103897
722.185067
786.570955
-308.821522
20.103897
723.131363
768.351731
-267.990051
20.103897
719.820497
748.060605
-227.648312
20.103897
712.296812
726.270780
-189.089751
20.103897
700.935193
703.947545
-153.836790
20.103897
686.638348
681.905166
-122.667897
20.103897
670.479736
660.468545
-95.433138
20.103897
653.228175
639.657171
-71.618652
20.103897
635.317163
619.395980
-50.711785
20.103897
616.989083
599.598828
-32.291487
20.103897
598.391050
580.189867
-16.025018
20.103897
579.619974
561.106215
-1.648295
20.103897
560.743526
542.296112
11.051689
20.103897
541.810637
523.716414
22.249908
20.103897
522.857206
505.330380
32.092572
20.103897
503.909410
487.105857
40.703672
20.103897
484.985732
469.013808
48.189665
20.103897
466.098210
451.027078
54.642834
20.103897
447.253194
433.324552
60.085720
20.103897
428.667361
416.091478
64.567302
20.103897
410.559393
399.264382
68.208447
20.103897
392.881010
382.801990
71.105955
20.103897
375.602370
366.668047
73.341581
20.103897
358.695278
350.830365
74.984844
20.103897
342.133091
335.259480
76.095236
20.103897
325.889962
319.927613
76.723837
20.103897
309.940258
304.804822
76.914513
20.103897
294.254941
289.825490
76.703544
20.103897
278.767312
274.960788
76.119713
20.103897
263.448397
260.177251
75.186556
20.103897
248.264007
245.607685
73.938835
20.103897
233.349560
231.477127
72.431463
20.103897
218.931900
217.720947
70.694767
20.103897
204.940220
204.293509
68.753565
20.103897
191.323335
191.150170
66.626754
20.103897
178.031167
178.247677
64.328147
20.103897
165.015021
165.543573
61.866978
20.103897
152.226755
152.995690
59.248213
20.103897
139.617921
140.561666
56.472654
20.103897
127.138722
128.198554
53.536815
20.103897
114.736707
115.862652
50.432507
20.103897
102.355018
103.509906
47.146030
20.103897
89.929894
91.097805
43.656715
20.103897
77.386915
78.591307
39.934388
20.103897
64.634909
65.980428
35.934755
20.103897
51.555248
53.335451
31.590300
20.103897
37.981004
41.002283
26.789893
20.103897
23.649993
30.396598
21.321936
20.103897
8.072272
26.817450
14.630934
20.103897
-10.047125
34.838456
7.911044
20.103897
-27.330692
47.147877
1.687640
20.103897
-42.613466
60.676624
-4.452225
20.103897
-57.075947
74.652461
-10.647130
20.103897
-71.101772
88.885090
-16.981137
20.103897
-84.900139
103.351072
-23.519864
20.103897
-98.610818
118.084187
-30.322955
20.103897
-112.339784
133.141851
-37.450026
20.103897
-126.174805
148.593975
-44.964369
20.103897
-140.193467
164.519576
-52.935918
20.103897
-154.467838
181.006508
-61.444141
20.103897
-169.067463
198.152741
-70.581273
20.103897
-184.061474
216.068719
-80.456275
20.103897
-199.520206
234.880773
-91.199942
20.103897
-215.516546
254.085854
-102.579198
20.103897
-231.587916
273.310240
-114.401034
20.103897
-247.399927
292.702718
-126.778300
20.103897
-263.055084
312.305613
-139.766287
20.103897
-278.560611
332.159097
-153.423504
20.103897
-293.916192
352.301069
-167.811668
20.103897
-309.113444
372.768313
-182.996614
20.103897
-324.136218
393.597539
-199.049292
20.103897
-338.960522
414.826398
-216.046922
20.103897
-353.554099
436.494553
-234.074428
20.103897
-367.875645
458.644877
-253.226243
20.103897
-381.873574
481.324898
-273.608701
20.103897
-395.484221
504.588627
-295.343264
20.103897
-408.629260
528.498993
-318.571025
20.103897
-421.211966
553.131221
-343.459165
20.103897
-433.111745
578.577707
-370.210504
20.103897
-444.175842
604.955275
-399.078095
20.103897
-454.206332
632.416264
-430.388170
20.103897
-462.938643
661.165373
-464.576924
20.103897
-470.004007
691.482732
-502.247696
20.103897
-474.859405
723.736094
-544.237378
20.103897
-476.650231
756.204949
-588.649433
20.103897
-474.271657
788.957363
-635.883449
20.103897
-466.585247
821.269754
-685.340662
20.103897
-452.092931
849.397222
-731.438666
20.103897
-431.357106
871.983880
-771.568460
20.103897
-405.750947
889.326604
-805.827202
20.103897
-375.686254
900.933529
-832.760955
20.103897
-343.200014
907.360851
-853.028089
20.103897
-308.614042
908.805663
-866.821244
20.103897
-272.294874
905.472384
-873.995012
20.103897
-235.815158
897.604992
-874.992188
20.103897
-199.196448
885.229034
-869.936895
20.103897
-162.591741
868.346679
-858.855464
20.103897
-126.447935
847.333956
-842.106511
20.103897
-91.800278
823.399134
-820.946365
20.103897
-60.241463
798.135965
-797.205822
20.103897
-32.859247
772.540916
-772.219964
20.103897
-9.572254
746.983864
-746.643242
20.103897
10.227156
721.572718
-720.782043
20.103897
27.134240
696.334269
-694.798803
20.103897
41.615745
671.270444
-668.790678
20.103897
54.026578
646.374657
-642.820073
20.103897
64.640428
621.636530
-616.927917
20.103897
73.673289
597.043032
-591.140090
20.103897
81.299499
573.009230
-565.922774
20.103897
87.560411
549.783822
-541.559921
20.103897
92.579352
527.252308
-517.947018
20.103897
96.549034
505.342585
-495.018832
20.103897
99.615849
483.995666
-472.720312
20.103897
101.897715
463.162295
-451.004085
20.103897
103.491353
442.799913
-429.827973
20.103897
104.477318
422.870620
-409.153352
20.103897
104.923447
403.339708
-388.943959
20.103897
104.887322
384.174542
-369.164982
20.103897
104.418046
365.336549
-349.774988
20.103897
103.557160
346.789018
-330.734137
20.103897
102.339568
328.499527
-312.006716
20.103897
100.794751
310.434071
-293.555121
20.103897
98.947139
292.556494
-275.339278
20.103897
96.816412
274.804237
-257.291950
20.103897
94.414270
257.577322
-239.814468
20.103897
91.820102
240.868343
-222.892177
20.103897
89.064413
224.617009
-206.456571
20.103897
86.164484
208.769693
-190.445538
20.103897
83.133117
193.275598
-174.799001
20.103897
79.978742
178.086682
-159.458177
20.103897
76.705864
163.157642
-144.364535
20.103897
73.315281
148.446335
-129.458605
20.103897
69.804136
133.915024
-114.678513
20.103897
66.165742
119.533207
-99.958063
20.103897
62.389155
105.283841
-85.224058
20.103897
58.458365
91.177133
-70.392344
20.103897
54.350905
77.282666
-55.361499
20.103897
50.035470
63.809343
-40.001981
20.103897
45.467649
51.318285
-24.135492
20.103897
40.581742
41.284991
-7.490131
20.103897
35.272961
37.069857
10.418917
20.103897
29.350534
43.005996
30.746808
20.103897
22.360295
57.665035
51.997823
20.103897
14.741641
73.329781
70.064032
20.103897
8.007593
89.264957
86.958891
20.103897
1.489003
105.273961
103.215854
20.103897
-4.992753
121.340604
119.106350
20.103897
-11.534861
137.514854
134.812964
20.103897
-18.210796
153.940404
150.541431
20.103897
-25.114917
170.685496
166.390340
20.103897
-32.305209
187.828656
182.449776
20.103897
-39.843649
205.454080
198.802911
20.103897
-47.797647
223.652507
215.529590
20.103897
-56.242982
242.522860
232.708805
20.103897
-65.267013
262.174553
250.420535
20.103897
-74.972562
282.730603
268.747260
20.103897
-85.482964
304.157688
287.622844
20.103897
-96.854696
325.803205
306.440011
20.103897
-108.802950
347.556184
325.077167
20.103897
-121.309399
369.376089
343.472358
20.103897
-134.392216
391.313996
361.636006
20.103897
-148.127905
413.387995
379.542871
20.103897
-162.581293
435.611432
397.155468
20.103897
-177.822066
457.993305
414.423048
20.103897
-193.925857
480.538898
431.280262
20.103897
-210.975833
503.250308
447.645016
20.103897
-229.064718
526.126908
463.415279
20.103897
-248.297476
549.165823
478.464381
20.103897
-268.795034
572.362454
492.634081
20.103897
-290.699629
595.711181
505.724042
20.103897
-314.182811
619.206356
517.475278
20.103897
-339.457922
642.843813
527.542774
20.103897
-366.800522
666.623064
535.447135
20.103897
-396.583545
690.494363
540.474403
20.103897
-429.261829
712.831468
541.615111
20.103897
-463.009294
733.813017
538.221025
20.103897
-498.392922
753.242827
529.184445
20.103897
-535.662593
770.595478
512.916353
20.103897
-574.743456
784.683366
487.977089
20.103897
-614.167875
793.916081
455.496824
20.103897
-649.939397
798.077835
418.375772
20.103897
-679.327444
797.924207
378.164239
20.103897
-702.332316
794.073829
335.608173
20.103897
-719.386011
786.874720
291.097551
20.103897
-730.773476
776.722568
245.971931
20.103897
-736.472396
763.949111
201.113918
20.103897
-736.727405
748.573062
156.589543
20.103897
-731.735729
730.543223
112.730333
20.103897
-721.513067
709.986580
70.456910
20.103897
-706.195866
687.657314
31.595548
20.103897
-686.636830
664.867055
-2.023999
20.103897
-664.559957
642.485455
-30.104887
20.103897
-641.464799
620.687568
-53.429179
20.103897
-618.056804
599.389015
-72.865726
20.103897
-594.603743
578.473907
-89.091248
20.103897
-571.218561
557.843492
-102.607644
20.103897
-547.956993
537.418858
-113.792858
20.103897
-524.848596
517.136006
-122.939068
20.103897
-501.907828
496.940755
-130.277767
20.103897
-479.138446
476.784500
-135.995971
20.103897
-456.535200
456.792352
-140.216401
20.103897
-434.274622
437.371553
-143.045693
20.103897
-412.828825
418.421804
-144.694838
20.103897
-392.091882
399.888428
-145.326528
20.103897
-372.003748
381.725387
-145.073305
20.103897
-352.510767
363.893735
-144.044467
20.103897
-333.565099
346.359146
-142.330997
20.103897
-315.122800
329.090193
-140.009018
20.103897
-297.142496
312.056983
-137.142252
20.103897
-279.584328
295.230033
-133.783783
20.103897
-262.409042
278.579239
-129.977294
20.103897
-245.577134
262.072851
-125.757884
20.103897
-229.047959
245.676375
-121.152509
20.103897
-212.778721
229.351250
-116.180052
20.103897
-196.723219
213.360487
-110.954704
20.103897
-181.128641
197.865826
-105.572847
20.103897
-166.135765
182.796192
-100.050764
20.103897
-151.657924
168.097640
-94.401110
20.103897
-137.626598
153.718146
-88.629165
20.103897
-123.975694
139.608401
-82.733765
20.103897
-110.641145
125.722199
-76.707526
20.103897
-97.559520
112.017870
-70.536697
20.103897
-84.666469
98.461826
-64.200511
20.103897
-71.894778
85.036923
-57.669882
20.103897
-59.171753
71.762691
-50.905078
20.103897
-46.415409
58.747694
-43.851651
20.103897
-33.528460
46.337942
-36.433068
20.103897
-20.387981
35.567924
-28.536326
20.103897
-6.825584
29.297982
-19.980044
20.103897
7.416396
32.140018
-10.427377
20.103897
22.805348
45.239181
0.968756
20.103897
40.515163
62.671978
12.652647
20.103897
57.995868
79.414362
23.207160
20.103897
73.238664
95.933777
33.492437
20.103897
87.620658
112.403927
43.777075
20.103897
101.558081
128.968437
54.221406
20.103897
115.276755
145.756615
64.949024
20.103897
128.928074
162.891731
76.071481
20.103897
142.627764
180.497034
87.700212
20.103897
156.472635
198.646332
99.917214
20.103897
170.507328
217.290980
112.723580
20.103897
184.674301
236.559819
126.244445
20.103897
199.044521
256.565292
140.602808
20.103897
213.664298
277.264146
155.816287
20.103897
228.456833
297.973854
171.414986
20.103897
242.901531
318.908823
187.579994
20.103897
257.123349
340.124502
204.381486
20.103897
271.124913
361.673441
221.892204
20.103897
284.898861
383.604884
240.187213
20.103897
298.426947
405.966460
259.345396
20.103897
311.680230
428.805690
279.450981
20.103897
324.618702
452.171463
300.595273
20.103897
337.190372
476.115637
322.878749
20.103897
349.329710
500.694917
346.413771
20.103897
360.955306
525.973243
371.328252
20.103897
371.966416
552.025021
397.770847
20.103897
382.237898
578.939778
425.918620
20.103897
391.612601
606.829246
455.988904
20.103897
399.889594
635.838799
488.258601
20.103897
406.805052
666.167083
523.097515
20.103897
411.999279
698.102205
561.030150
20.103897
414.955048
732.093574
602.859966
20.103897
414.869494
766.261546
646.496324
20.103897
410.846800
800.601591
692.086425
20.103897
401.964079
834.981276
739.698411
20.103897
386.827901
868.235917
788.051684
20.103897
363.873583
897.084751
832.575075
20.103897
333.430094
918.664656
868.591850
20.103897
298.477439
933.039984
895.606957
20.103897
260.859396
940.825412
914.193495
20.103897
221.356146
942.359174
924.718872
20.103897
180.365337
937.855206
927.222800
20.103897
139.377550
927.684301
922.147740
20.103897
99.184382
911.903009
909.715173
20.103897
59.843423
891.066431
890.548569
20.103897
22.769786
865.730659
865.423106
20.103897
-11.324943
835.797923
834.470803
20.103897
-42.573246
804.916560
801.785727
20.103897
-68.015803
774.316571
769.007602
20.103897
-88.256973
744.204804
736.574400
20.103897
-104.378048
714.542128
704.575940
20.103897
-117.213611
685.261560
673.024301
20.103897
-127.348063
656.300491
641.908887
20.103897
-135.200405
627.752800
611.369506
20.103897
-141.055799
600.472217
582.337990
20.103897
-145.069577
574.221079
554.563837
20.103897
-147.596176
548.871630
527.909618
20.103897
-148.886984
524.322976
502.263947
20.103897
-149.135319
500.494713
477.535743
20.103897
-148.493789
477.318354
453.645832
20.103897
-147.085363
454.730596
430.520396
20.103897
-145.010128
432.681117
408.099189
20.103897
-142.351093
411.123775
386.326573
20.103897
-139.177477
390.015412
365.150410
20.103897
-135.547163
369.314550
344.520831
20.103897
-131.508428
348.980273
324.389195
20.103897
-127.101196
328.971181
304.707101
20.103897
-122.357893
309.244308
285.425384
20.103897
-117.303989
289.753904
266.492981
20.103897
-111.958249
270.449968
247.855565
20.103897
-106.332674
251.548881
229.714577
20.103897
-100.518088
233.324125
212.320841
20.103897
-94.635306
215.674357
195.564793
20.103897
-88.688633
198.524730
179.364074
20.103897
-82.682711
181.802483
163.639645
20.103897
-76.616206
165.437238
148.315566
20.103897
-70.482665
149.359953
133.317361
20.103897
-64.270602
133.502102
118.570248
20.103897
-57.963271
117.795198
103.996991
20.103897
-51.538024
102.171284
89.515060
20.103897
-44.965081
86.566218
75.032584
20.103897
-38.205429
70.931666
60.442080
20.103897
-31.207204
55.277481
45.609849
20.103897
-23.899266
39.842342
30.356050
20.103897
-16.178868
25.962276
14.411796
20.103897
-7.885001
20.323404
-2.693944
20.103897
1.271516
32.158665
-22.062202
20.103897
11.969643
52.686011
-42.553102
20.103897
23.682961
71.746354
-59.925512
20.103897
33.945629
90.197405
-76.210432
20.103897
43.856301
108.356910
-91.937308
20.103897
53.708331
126.444317
-107.380335
20.103897
63.666807
144.631855
-122.718304
20.103897
73.854078
163.068187
-138.085128
20.103897
84.377511
181.891467
-153.590975
20.103897
95.342286
201.237905
-169.332810
20.103897
106.859381
221.248463
-185.400360
20.103897
119.052182
242.075138
-201.879822
20.103897
132.063406
263.774121
-218.768544
20.103897
145.989536
286.123531
-235.841079
20.103897
160.752897
308.296937
-252.428571
20.103897
175.848376
330.539972
-268.685489
20.103897
191.469617
352.902803
-284.606752
20.103897
207.690198
375.423912
-300.168911
20.103897
224.583107
398.134154
-315.332051
20.103897
242.223730
421.058486
-330.039372
20.103897
260.691570
444.217411
-344.215843
20.103897
280.072126
467.628267
-357.765798
20.103897
300.459088
491.306537
-370.569197
20.103897
321.957166
515.267356
-382.475994
20.103897
344.685937
539.527486
-393.297671
20.103897
368.785417
564.108216
-402.794194
20.103897
394.424581
589.040032
-410.653064
20.103897
421.815189
614.370880
-416.453700
20.103897
451.235778
640.182183
-419.601817
20.103897
483.076987
665.405076
-419.308102
20.103897
516.275571
689.601945
-414.995062
20.103897
550.386931
712.885715
-405.874369
20.103897
585.719961
735.136411
-390.776298
20.103897
622.346575
756.007973
-368.051778
20.103897
660.061949
774.535910
-336.089665
20.103897
697.528098
788.873665
-295.906871
20.103897
730.997002
798.045394
-251.225716
20.103897
757.204018
802.581709
-204.102272
20.103897
775.935239
803.084430
-155.359385
20.103897
787.657220
799.865812
-105.400720
20.103897
792.636007
793.221675
-56.124486
20.103897
790.978192
783.367192
-8.288503
20.103897
783.065318
770.201114
38.058467
20.103897
768.997492
753.504514
82.374446
20.103897
748.718462
733.869638
122.271539
20.103897
723.332669
711.890887
156.631959
20.103897
694.154808
689.617442
183.536884
20.103897
664.441316
667.598502
204.193214
20.103897
635.286333
645.782242
220.026927
20.103897
606.810258
624.052722
232.033199
20.103897
578.963063
602.316229
240.887113
20.103897
551.682945
580.498084
247.066147
20.103897
524.911591
558.532668
250.921158
20.103897
498.591162
536.742505
252.701243
20.103897
473.107209
515.508649
252.713140
20.103897
448.866427
494.730725
251.264287
20.103897
425.700108
474.356258
248.589081
20.103897
403.501130
454.342866
244.872802
20.103897
382.178733
434.655921
240.264641
20.103897
361.655230
415.265588
234.886281
20.103897
341.862219
396.144784
228.837719
20.103897
322.738008
377.267643
222.201300
20.103897
304.225722
358.608254
215.044551
20.103897
286.271818
340.139552
207.422147
20.103897
268.824853
321.832229
199.377225
20.103897
251.834348
303.653551
190.942150
20.103897
235.249671
285.565978
182.138765
20.103897
219.018792
267.525389
172.978093
20.103897
203.086795
249.734932
163.596893
20.103897
187.615101
232.498031
154.198626
20.103897
172.840828
215.719457
144.774688
20.103897
158.653734
199.330384
135.320353
20.103897
144.971850
183.260949
125.821830
20.103897
131.716650
167.440756
116.257445
20.103897
118.812654
151.797538
106.597265
20.103897
106.185446
136.255773
96.802051
20.103897
93.759436
120.735267
86.821197
20.103897
81.455005
105.150127
76.589110
20.103897
69.184469
89.409784
66.018901
20.103897
56.845823
73.428333
54.990900
20.103897
44.312011
57.168623
43.329946
20.103897
31.410198
40.864484
30.758135
20.103897
17.879500
26.534990
16.968879
20.103897
3.463548
23.854483
0.897724
20.103897
-12.808740
38.456909
-15.522275
20.103897
-28.876049
56.219752
-30.301281
20.103897
-42.875706
74.240064
-44.496597
20.103897
-55.923816
92.276482
-58.529271
20.103897
-68.447841
110.389856
-72.629540
20.103897
-80.664141
128.693516
-86.963487
20.103897
-92.710335
147.308166
-101.670100
20.103897
-104.683905
166.354439
-116.877907
20.103897
-116.658423
185.953360
-132.714180
20.103897
-128.691227
206.228628
-149.311126
20.103897
-140.827086
227.309315
-166.810865
20.103897
-153.099619
249.332719
-185.370084
20.103897
-165.531176
271.705171
-204.524140
20.103897
-177.734098
294.282619
-224.171075
20.103897
-189.592781
317.214584
-244.462328
20.103897
-201.144466
340.565752
-265.481173
20.103897
-212.369046
364.398439
-287.312932
20.103897
-223.233812
388.773509
-310.045947
20.103897
-233.692502
413.752460
-333.773708
20.103897
-243.684310
439.399563
-358.597229
20.103897
-253.132053
465.784340
-384.627968
20.103897
-261.939327
492.984702
-411.991728
20.103897
-269.986232
521.091280
-440.834208
20.103897
-277.122999
550.213860
-471.329400
20.103897
-283.160240
580.491652
-503.693124
20.103897
-287.853483
612.110985
-538.206416
20.103897
-290.877198
645.338723
-575.259659
20.103897
-291.777697
680.594854
-615.447883
20.103897
-289.877718
716.716046
-657.547060
20.103897
-284.446107
752.946286
-700.706712
20.103897
-274.834582
789.483601
-745.175699
20.103897
-259.987242
826.071591
-790.663156
20.103897
-238.415355
861.474426
-835.620767
20.103897
-208.499290
892.150136
-875.404810
20.103897
-170.862860
914.729770
-905.322913
20.103897
-129.293500
929.160833
-924.958191
20.103897
-85.953666
936.083617
-934.942486
20.103897
-41.604301
935.777495
-935.555328
20.103897
3.403046
928.551290
-927.155081
20.103897
46.763095
914.763241
-910.281176
20.103897
88.180500
895.559179
-886.496992
20.103897
125.479717
871.736331
-856.978219
20.103897
158.456293
843.340603
-821.978900
20.103897
187.536381
810.711823
-782.136412
20.103897
212.396153
776.975197
-741.439733
20.103897
231.416102
744.208601
-702.446025
20.103897
244.973176
712.193261
-664.884435
20.103897
254.447956
680.718086
-628.496859
20.103897
260.700294
650.359216
-593.922883
20.103897
264.232006
621.442312
-561.479458
20.103897
265.569573
593.725306
-530.836776
20.103897
265.175205
567.050618
-501.771217
20.103897
263.377831
541.290602
-474.100495
20.103897
260.422866
516.346732
-447.680474
20.103897
256.499462
492.139622
-422.392591
20.103897
251.757305
468.602264
-398.135501
20.103897
246.316947
445.676445
-374.820540
20.103897
240.276696
423.310117
-352.368436
20.103897
233.717295
401.455429
-330.706904
20.103897
226.705179
380.067182
-309.768791
20.103897
219.294762
359.101531
-289.490562
20.103897
211.530040
338.514804
-269.810985
20.103897
203.445664
318.262343
-250.669883
20.103897
195.067583
298.297262
-232.006837
20.103897
186.413298
278.568995
-213.759720
20.103897
177.491690
259.021466
-195.862882
20.103897
168.302361
240.118906
-178.721513
20.103897
159.096020
221.897038
-162.341820
20.103897
149.930859
204.262882
-146.615218
20.103897
140.794659
187.137259
-131.447836
20.103897
131.672524
170.445425
-116.750534
20.103897
122.543009
154.117430
-102.437267
20.103897
113.378225
138.088853
-88.422732
20.103897
104.143100
122.303476
-74.619600
20.103897
94.793928
106.720167
-60.934857
20.103897
85.275850
91.329881
-47.264475
20.103897
75.518540
76.199170
-33.484829
20.103897
65.428687
61.590118
-19.437294
20.103897
54.875929
48.318290
-4.896666
20.103897
43.663637
38.782762
10.506513
20.103897
31.457100
38.350229
27.544165
20.103897
17.546861
52.049583
48.009728
20.103897
0.241853
68.683963
64.183013
20.103897
-13.923398
86.169109
79.164173
20.103897
-27.458741
104.034594
93.542086
20.103897
-40.852274
122.081801
107.496923
20.103897
-54.260585
140.302512
121.165698
20.103897
-67.819627
158.797399
134.684810
20.103897
-81.685060
177.667472
148.147027
20.103897
-95.989699
197.017303
161.620731
20.103897
-110.862033
216.954036
175.155412
20.103897
-126.433653
237.587972
188.783513
20.103897
-142.844891
259.033693
202.519784
20.103897
-160.249881
280.677657
215.913084
20.103897
-178.205838
302.332677
228.805138
20.103897
-196.593717
324.142890
241.232352
20.103897
-215.572259
346.150542
253.152912
20.103897
-235.222520
368.392596
264.505916
20.103897
-255.627773
390.901124
275.209126
20.103897
-276.874446
413.705252
285.156428
20.103897
-299.054644
436.833156
294.213644
20.103897
-322.269098
460.314446
302.212087
20.103897
-346.631039
484.183398
308.938712
20.103897
-372.271767
508.483848
314.120678
20.103897
-399.349292
533.277370
317.400057
20.103897
-428.062835
558.658370
318.289494
20.103897
-458.679415
584.336780
316.154719
20.103897
-491.010692
609.163184
310.563899
20.103897
-523.665622
633.453123
300.936095
20.103897
-557.042331
657.217477
286.468391
20.103897
-591.156922
680.429197
266.010833
20.103897
-625.953642
702.933458
237.938282
20.103897
-661.132857
724.129650
200.436386
20.103897
-695.546432
742.331168
153.877263
20.103897
-725.929187
755.741458
102.701944
20.103897
-748.460618
764.396984
49.938152
20.103897
-762.499026
768.833700
-3.441902
20.103897
-768.563104
769.307303
-57.018666
20.103897
-766.927918
765.903624
-108.683219
20.103897
-757.886636
758.704884
-157.516842
20.103897
-741.901192
747.411562
-203.548750
20.103897
-718.879533
732.830850
-243.011088
20.103897
-691.073440
714.768953
-276.773560
20.103897
-658.700908
693.234202
-304.512610
20.103897
-622.448040
670.516641
-324.367460
20.103897
-586.493094
647.861946
-337.499699
20.103897
-552.643545
625.090112
-345.725936
20.103897
-520.391256
602.052012
-350.106505
20.103897
-489.375003
578.641265
-351.303960
20.103897
-459.355064
555.503290
-349.843787
20.103897
-431.032555
532.838035
-346.281638
20.103897
-404.476491
510.571465
-341.033337
20.103897
-379.440796
488.662154
-334.408623
20.103897
-355.749079
467.078185
-326.645215
20.103897
-333.257810
445.794433
-317.930042
20.103897
-311.847717
424.789759
-308.412556
20.103897
-291.417000
404.045039
-298.213476
20.103897
-271.876718
383.541683
-287.430675
20.103897
-253.147511
363.260440
-276.143226
20.103897
-235.157180
343.180366
-264.414170
20.103897
-217.838802
323.277823
-252.292360
20.103897
-201.129186
303.525419
-239.813558
20.103897
-184.967486
283.890775
-227.000878
20.103897
-169.293847
264.334992
-213.864556
20.103897
-154.047957
244.810607
-200.400916
20.103897
-139.167308
225.591630
-186.828055
20.103897
-124.830664
206.982728
-173.398428
20.103897
-111.223505
188.880366
-160.072178
20.103897
-98.226901
171.210003
-146.818359
20.103897
-85.750033
153.901079
-133.597803
20.103897
-73.708904
137.030781
-120.474813
20.103897
-62.121557
120.512857
-107.375566
20.103897
-50.888801
104.291001
-94.226102
20.103897
-39.923525
88.342138
-80.939107
20.103897
-29.138079
72.719009
-67.408184
20.103897
-18.439752
57.669120
-53.496847
20.103897
-7.723217
44.004958
-39.017868
20.103897
3.142563
34.220245
-23.689302
20.103897
14.341389
33.746248
-7.021432
20.103897
26.179039
45.799123
12.090599
20.103897
39.334595
66.030382
33.243081
20.103897
53.392343
85.061865
51.172434
20.103897
64.905594
103.819478
68.297197
20.103897
75.563286
122.475879
85.134464
20.103897
85.722211
141.197846
101.977182
20.103897
95.568403
160.134014
119.030905
20.103897
105.215871
179.421909
136.463871
20.103897
114.741739
189.951168
146.043505
20.103897
119.785534
