37.480137
10.000000
20.118665
30.000000
41.874541
21.432794
20.118665
29.822002
46.622072
30.023013
20.118665
29.452939
51.828660
38.009105
20.118665
28.926756
57.365534
45.693453
20.118665
28.251586
63.160448
53.218756
20.118665
27.427095
69.176088
60.671867
20.118665
26.447969
75.396728
68.114348
20.118665
25.304971
81.820343
75.594412
20.118665
23.985259
88.454057
83.152598
20.118665
22.472317
95.311556
90.824836
20.118665
20.745633
102.411650
98.644267
20.118665
18.780146
109.777566
106.642397
20.118665
16.545461
117.436733
114.849870
20.118665
14.004753
125.420949
123.296992
20.118665
11.113299
133.766897
132.014110
20.118665
7.816455
142.517089
141.031851
20.118665
4.046846
151.721381
150.381311
20.118665
-0.279654
161.439427
160.094209
20.118665
-5.269919
171.744823
170.203216
20.118665
-11.062956
182.457995
180.482670
20.118665
-17.668193
193.226189
190.549327
20.118665
-24.951019
204.005339
200.320391
20.118665
-32.941748
214.806217
209.753685
20.118665
-41.717403
225.616662
218.771595
20.118665
-51.352768
236.418747
227.273402
20.118665
-61.934351
247.187178
235.127974
20.118665
-73.563413
257.886883
242.162710
20.118665
-86.360324
268.468663
248.145912
20.118665
-100.470239
278.860895
252.757897
20.118665
-116.069306
288.952437
255.542893
20.118665
-133.366336
298.043695
255.896717
20.118665
-151.466677
306.048177
253.424161
20.118665
-170.402232
312.762953
247.599364
20.118665
-190.027522
317.856177
237.953793
20.118665
-209.775549
321.007592
224.425141
20.118665
-228.636106
322.109819
207.528308
20.118665
-245.523881
321.303686
187.999791
20.118665
-259.783326
318.817887
166.466103
20.118665
-271.162536
314.854144
143.398687
20.118665
-279.580378
309.584598
119.294305
20.118665
-284.967948
303.294848
95.150617
20.118665
-287.279244
296.094040
71.238352
20.118665
-286.691502
288.062610
47.889053
20.118665
-283.340687
279.306160
25.566135
20.118665
-277.405016
270.013062
4.879534
20.118665
-269.218281
260.456739
-13.569382
20.118665
-259.323782
250.893142
-29.466018
20.118665
-248.343234
241.463479
-42.863257
20.118665
-236.775405
232.204584
-54.014703
20.118665
-224.936924
223.102905
-63.211062
20.118665
-213.012928
214.129480
-70.712422
20.118665
-201.112971
205.253830
-76.735147
20.118665
-189.304229
196.447957
-81.456118
20.118665
-177.628658
187.686703
-85.020011
20.118665
-166.111817
178.946850
-87.545661
20.118665
-154.767475
170.212099
-89.129962
20.118665
-143.607966
161.746804
-89.843612
20.118665
-132.986440
153.503048
-89.823824
20.118665
-122.841791
145.457507
-89.176658
20.118665
-113.139955
137.715264
-88.010694
20.118665
-103.994476
130.286732
-86.424857
20.118665
-95.397149
123.143939
-84.495120
20.118665
-87.294006
116.264268
-82.281850
20.118665
-79.638662
109.627562
-79.832865
20.118665
-72.388918
103.215863
-77.185964
20.118665
-65.506340
97.013179
-74.370796
20.118665
-58.955754
91.005412
-71.410276
20.118665
-52.704807
85.180404
-68.321658
20.118665
-46.723566
79.528154
-65.117325
20.118665
-40.984149
74.041220
-61.805371
20.118665
-35.460366
68.715416
-58.389974
20.118665
-30.127373
63.550922
-54.871599
20.118665
-24.961303
58.554039
-51.247009
20.118665
-19.938878
53.739954
-47.509073
20.118665
-15.036954
49.137081
-43.646295
20.118665
-10.231959
44.793831
-39.641972
20.118665
-5.499154
40.788921
-35.472760
20.118665
-0.811580
37.246087
-31.106246
20.118665
3.861572
34.355115
-26.502374
20.118665
8.552041
32.398893
-21.675316
20.118665
13.232847
31.642418
-16.547206
20.118665
17.963071
32.351423
-11.000351
20.118665
22.822055
34.774711
-4.812688
20.118665
27.952780
39.359821
2.598289
20.118665
33.729567
44.926463
9.765033
20.118665
38.964991
50.595118
16.307066
20.118665
43.464755
56.428759
22.666399
20.118665
47.599144
62.416925
28.986934
20.118665
51.486596
68.559257
35.352439
20.118665
55.188913
74.863976
41.822731
20.118665
58.742773
81.345378
48.446647
20.118665
62.170992
88.022111
55.267836
20.118665
65.487385
94.916180
62.327826
20.118665
68.699073
102.052459
69.667900
20.118665
71.807572
109.458504
77.330387
20.118665
74.809189
117.164595
85.359678
20.118665
77.694962
125.203911
93.803094
20.118665
80.450222
133.612835
102.711705
20.118665
83.053805
142.431365
112.141154
20.118665
85.476866
151.703644
122.152518
20.118665
87.681225
161.478618
132.813257
20.118665
89.617086
171.810873
144.198273
20.118665
91.219917
182.761699
156.391138
20.118665
92.406115
194.400510
169.485550
20.118665
93.066891
206.563916
183.309735
20.118665
93.066812
219.175606
197.781243
20.118665
92.280906
232.357164
213.039822
20.118665
90.549020
246.217908
229.208910
20.118665
87.645723
260.416791
245.875133
20.118665
83.412010
274.620408
262.613642
20.118665
77.753990
288.853239
279.405598
20.118665
70.455269
303.045205
296.104107
20.118665
61.269844
317.077401
312.479554
20.118665
49.898357
330.742596
328.161762
20.118665
35.996703
343.672814
342.543303
20.118665
19.243901
355.243741
354.673318
20.118665
-0.437947
364.600019
363.346777
20.118665
-22.528493
371.005246
367.598919
20.118665
-45.947438
374.139375
367.045958
20.118665
-69.661872
373.948290
361.633050
20.118665
-93.027414
370.425340
351.407293
20.118665
-115.425675
364.046562
337.425181
20.118665
-135.164291
355.228695
320.338481
20.118665
-152.203557
344.606439
301.243178
20.118665
-166.136644
332.430764
280.530019
20.118665
-177.224040
318.949023
258.639872
20.118665
-185.550897
304.484037
236.145849
20.118665
-191.156757
289.497612
213.804551
20.118665
-194.143557
274.521033
192.403688
20.118665
-194.776430
259.967618
172.478931
20.118665
-193.466845
246.033335
154.211884
20.118665
-190.647151
232.747190
137.547050
20.118665
-186.674323
220.080228
122.360901
20.118665
-181.819570
207.979554
108.512184
20.118665
-176.283408
196.389340
95.868587
20.118665
-170.215235
185.257609
84.313148
20.118665
-163.728171
174.537818
73.744098
20.118665
-156.909200
164.188639
64.072902
20.118665
-149.825939
154.173204
55.222106
20.118665
-142.531172
144.458255
47.123461
20.118665
-135.065933
135.013364
39.716403
20.118665
-127.461583
125.810232
32.946865
20.118665
-119.741212
116.968013
26.863287
20.118665
-112.049628
108.531352
21.445550
20.118665
-104.471920
100.573099
16.682701
20.118665
-97.117841
93.074180
12.504162
20.118665
-90.009379
85.978414
8.826571
20.118665
-83.124116
79.241860
5.583128
20.118665
-76.441744
72.828309
2.718617
20.118665
-69.941483
66.708676
0.187188
20.118665
-63.602294
60.860854
-2.049369
20.118665
-57.402813
55.270333
-4.022925
20.118665
-51.321196
49.931820
-5.759999
20.118665
-45.334847
44.852364
-7.282492
20.118665
-39.420035
40.056882
-8.608215
20.118665
-33.551330
35.597499
-9.751233
20.118665
-27.700807
31.568507
-10.722016
20.118665
-21.836858
28.127612
-11.527366
20.118665
-15.922365
25.516908
-12.170031
20.118665
-9.911723
24.057368
-12.647797
20.118665
-3.745595
24.074376
-12.951570
20.118665
2.659271
25.774628
-13.061093
20.118665
9.432849
29.237026
-12.933560
20.118665
16.815648
34.739147
-12.458728
20.118665
25.432808
40.994403
-11.663980
20.118665
33.759916
47.044053
-10.676550
20.118665
41.163012
53.104367
-9.484360
20.118665
48.221987
59.234223
-8.076812
20.118665
55.124383
65.475569
-6.437380
20.118665
61.974588
71.867424
-4.543329
20.118665
68.844202
78.449629
-2.365201
20.118665
75.789111
85.264603
0.134138
20.118665
82.856948
92.358758
3.000941
20.118665
90.090919
99.784023
6.292632
20.118665
97.532012
107.599766
10.080695
20.118665
105.220381
115.875361
14.454735
20.118665
113.196287
124.693833
19.528356
20.118665
121.500759
134.021511
25.359503
20.118665
130.053452
143.791130
31.979436
20.118665
138.738761
154.094237
39.528187
20.118665
147.573018
165.004094
48.153796
20.118665
156.533709
176.455165
57.902013
20.118665
165.466074
188.227245
68.657725
20.118665
174.100120
200.422829
80.575068
20.118665
182.406711
213.096616
93.781772
20.118665
190.290268
226.312044
108.429045
20.118665
197.624703
240.143674
124.698636
20.118665
204.241214
254.681260
142.814354
20.118665
209.909132
270.034371
163.058620
20.118665
214.302793
286.334212
185.792654
20.118665
216.941489
303.714898
211.459285
20.118665
217.078211
321.010547
238.533633
20.118665
213.880146
337.831717
266.514261
20.118665
206.629274
353.327899
294.105512
20.118665
194.776258
366.247688
319.124589
20.118665
178.583606
375.742871
339.841043
20.118665
159.015752
381.565782
355.551790
20.118665
137.005875
383.679829
366.032353
20.118665
113.250901
382.095611
371.098574
20.118665
88.758904
377.060737
370.928619
20.118665
64.668373
368.802399
365.924085
20.118665
41.352302
357.566227
356.474904
20.118665
19.351722
343.868948
343.279463
20.118665
-0.550481
328.615323
327.527434
20.118665
-17.579800
312.727486
310.487945
20.118665
-31.479455
296.748665
292.994755
20.118665
-42.533319
280.901785
275.464869
20.118665
-51.187483
265.265390
258.100148
20.118665
-57.838396
249.862070
241.003672
20.118665
-62.797479
234.689876
224.228072
20.118665
-66.304969
220.259593
208.372183
20.118665
-68.487670
206.509961
193.383967
20.118665
-69.600606
193.360253
179.181509
20.118665
-69.838484
180.746196
165.696191
20.118665
-69.348390
168.611065
152.864923
20.118665
-68.244016
157.126218
140.860390
20.118665
-66.650119
146.305527
129.682049
20.118665
-64.676988
136.075566
119.237732
20.118665
-62.403222
126.376169
109.450435
20.118665
-59.889712
117.153482
100.251019
20.118665
-57.183135
108.359224
91.577307
20.118665
-54.319035
99.949885
83.373032
20.118665
-51.324033
91.886168
75.586933
20.118665
-48.217453
84.132626
68.171941
20.118665
-45.012492
76.657559
61.084433
20.118665
-41.717054
69.433252
54.283507
20.118665
-38.334275
62.436777
47.730253
20.118665
-34.862779
55.651803
41.386974
20.118665
-31.296660
49.072331
35.216271
20.118665
-27.625119
42.710379
29.179905
20.118665
-23.831678
36.612135
23.237212
20.118665
-19.892706
30.892962
17.342697
20.118665
-15.774832
25.813369
11.441988
20.118665
-11.430234
21.924587
5.464166
20.118665
-6.787468
20.204977
-0.695122
20.118665
-1.731247
21.695688
-7.135545
20.118665
3.876360
26.598581
-14.034776
20.118665
10.283428
34.270478
-21.409089
20.118665
17.645278
41.945988
-27.625634
20.118665
24.321381
49.459950
-33.164279
20.118665
30.686423
56.929805
-38.304934
20.118665
36.999648
64.417026
-43.161439
20.118665
43.380673
71.973618
-47.794280
20.118665
49.911400
79.647303
-52.236702
20.118665
56.659149
87.483476
-56.504218
20.118665
63.685723
95.526555
-60.598383
20.118665
71.052080
103.821080
-64.507885
20.118665
78.821245
112.412706
-68.207958
20.118665
87.060497
121.349194
-71.658463
20.118665
95.843262
130.681490
-74.800550
20.118665
105.250981
140.465031
-77.551590
20.118665
115.375106
150.761468
-79.797703
20.118665
126.319382
161.641149
-81.382691
20.118665
138.202597
173.186958
-82.091309
20.118665
151.162094
185.334034
-81.638308
20.118665
165.163950
197.873694
-79.731940
20.118665
179.977931
210.461693
-76.168704
20.118665
195.160683
222.964334
-70.788454
20.118665
210.469306
235.501348
-63.316261
20.118665
225.936220
248.114607
-53.428262
20.118665
241.457074
260.849338
-40.713847
20.118665
256.865722
273.745848
-24.656765
20.118665
271.889817
286.810825
-4.645494
20.118665
286.066614
299.927471
19.868905
20.118665
298.591617
312.666159
48.804730
20.118665
308.177651
324.227397
80.730403
20.118665
313.370781
333.902937
113.542924
20.118665
313.359881
341.378041
145.865557
20.118665
307.989359
346.427310
177.087987
20.118665
297.063908
348.486187
204.467131
20.118665
281.480113
347.537416
226.601418
20.118665
262.734261
343.830566
243.356776
20.118665
242.058210
337.529948
255.170785
20.118665
220.021761
328.819708
262.232173
20.118665
197.362425
318.107121
264.828102
20.118665
175.081285
306.055631
263.599721
20.118665
154.209196
293.308432
259.447244
20.118665
135.322588
280.271114
253.197643
20.118665
118.482446
267.150341
245.458115
20.118665
103.512599
254.049777
236.647234
20.118665
90.192101
241.025127
227.056071
20.118665
78.319168
228.108238
216.892297
20.118665
67.722515
215.317360
206.307418
20.118665
58.258513
202.661706
195.413329
20.118665
49.805994
190.143511
184.292560
20.118665
42.261643
177.758900
173.004704
20.118665
35.536437
165.968060
162.031944
20.118665
29.770545
154.888233
151.546493
20.118665
24.885026
144.419092
141.502146
20.118665
20.718494
134.488851
131.864712
20.118665
17.151914
125.034510
122.598172
20.118665
14.091000
116.000620
113.666366
20.118665
11.460377
107.337640
105.033249
20.118665
9.199178
99.000823
96.662943
20.118665
7.257936
90.949417
88.519586
20.118665
5.596306
83.146160
80.566985
20.118665
4.181404
75.557089
72.768080
20.118665
2.986573
68.151830
65.084170
20.118665
1.990499
60.904700
57.473797
20.118665
1.176620
53.797459
49.891102
20.118665
0.532802
46.825639
42.283296
20.118665
0.051316
40.013263
34.586518
20.118665
-0.270770
33.448821
26.718488
20.118665
-0.430546
27.378030
18.563998
20.118665
-0.416904
22.441869
9.941567
20.118665
-0.204999
20.126484
0.497101
20.118665
0.259962
22.844508
-10.762177
20.118665
1.134192
29.069444
-20.865033
20.118665
2.218621
36.335220
-30.058894
20.118665
3.456934
44.063342
-38.897488
20.118665
4.878817
52.078839
-47.593310
20.118665
6.505507
60.343158
-56.272672
20.118665
8.361962
68.869490
-65.026416
20.118665
10.479083
77.694499
-73.928244
20.118665
12.895319
86.868291
-83.043058
20.118665
15.658540
96.451212
-92.431386
20.118665
18.828556
106.513716
-102.152007
20.118665
22.480625
117.138118
-112.263653
20.118665
26.710488
128.422174
-122.826237
20.118665
31.641896
140.485323
-133.901957
20.118665
37.438366
153.479894
-145.556859
20.118665
44.322883
167.104837
-157.429022
20.118665
52.300756
181.362840
-169.411056
20.118665
61.543588
195.782664
-180.987263
20.118665
71.900634
210.359347
-192.025131
20.118665
83.502354
225.115235
-202.368494
20.118665
96.535491
240.033850
-211.767384
20.118665
111.202803
255.088592
-219.869800
20.118665
127.760323
270.238238
-226.160441
20.118665
146.544872
285.415759
-229.838845
20.118665
168.022321
299.225134
-229.779491
20.118665
190.610350
311.657017
-225.211610
20.118665
214.487916
322.305055
-215.055126
20.118665
239.221823
330.467586
-198.515344
20.118665
263.430680
335.515225
-176.084044
20.118665
284.886144
337.418716
-149.261888
20.118665
301.939593
336.525792
-119.395634
20.118665
313.989698
333.157241
-87.485273
20.118665
320.835337
327.740689
-55.636167
20.118665
322.356659
320.589433
-24.869660
20.118665
318.989536
311.834330
4.206193
20.118665
311.156225
301.670922
30.619092
20.118665
299.437899
290.568593
53.154731
20.118665
284.955998
279.114490
71.200598
20.118665
269.129361
267.631898
85.118765
20.118665
252.936491
256.188308
95.623021
20.118665
236.820451
244.763004
103.339117
20.118665
220.964238
233.319088
108.739707
20.118665
205.447590
221.818387
112.176814
20.118665
190.302387
210.220844
113.914900
20.118665
175.531872
198.920710
114.168458
20.118665
161.648542
187.901095
113.223934
20.118665
148.601486
177.119399
111.298450
20.118665
136.305451
166.663109
108.591860
20.118665
124.818426
156.700388
105.324834
20.118665
114.266925
147.169429
101.631496
20.118665
104.523296
138.027397
97.613090
20.118665
95.490766
129.233643
93.343520
20.118665
87.083644
120.749784
88.876053
20.118665
79.226238
112.538985
84.247758
20.118665
71.851079
104.565417
79.482621
20.118665
64.897447
96.793778
74.593635
20.118665
58.310070
89.188841
69.584080
20.118665
52.037913
81.715046
64.448061
20.118665
46.032984
74.336184
59.170278
20.118665
40.249046
67.015351
53.724848
20.118665
34.640111
59.715661
48.072722
20.118665
29.158411
52.502134
42.238827
20.118665
23.824250
45.379308
36.176768
20.118665
18.594685
38.366710
29.793740
20.118665
13.400625
31.588658
22.947609
20.118665
8.154131
25.472020
15.384726
20.118665
2.715382
21.391141
6.511642
20.118665
-3.227809
22.270562
-2.946925
20.118665
-9.084760
26.932749
-11.309760
20.118665
-13.881701
33.398313
-19.452179
20.118665
-18.229080
40.773692
-27.596677
20.118665
-22.274575
48.711089
-35.878509
20.118665
-26.091034
57.089069
-44.399449
20.118665
-29.716832
65.881603
-53.248148
20.118665
-33.170162
75.107304
-62.509362
20.118665
-36.454439
84.809134
-72.269162
20.118665
-39.560041
95.046182
-82.618534
20.118665
-42.464030
105.890697
-93.656342
20.118665
-45.128357
117.427730
-105.492130
20.118665
-47.496544
129.756381
-118.249090
20.118665
-49.488489
142.992376
-132.067443
20.118665
-50.992642
157.272217
-147.108580
20.118665
-51.854173
172.759675
-163.560509
20.118665
-51.856576
189.367635
-181.335584
20.118665
-50.722247
206.903811
-200.212635
20.118665
-48.159391
225.682537
-220.490297
20.118665
-43.725000
244.575993
-240.875082
20.118665
-37.307512
263.675791
-261.352240
20.118665
-28.551162
282.964577
-281.736881
20.118665
-16.985904
302.283186
-301.606169
20.118665
-2.020565
321.293668
-320.207608
20.118665
17.086494
339.236885
-336.143056
20.118665
41.045698
354.554181
-347.057310
20.118665
69.678765
365.248722
-350.477097
20.118665
100.834881
370.368158
-345.439039
20.118665
132.059389
369.932250
-332.651356
20.118665
160.586999
364.752573
-313.652627
20.118665
185.099184
355.671544
-289.878426
20.118665
205.104814
343.886084
-263.616714
20.118665
219.907040
329.938096
-235.630459
20.118665
230.071018
314.361882
-206.878978
20.118665
235.838336
297.892711
-178.674484
20.118665
237.509443
281.417563
-152.414868
20.118665
235.713368
265.569477
-128.880487
20.118665
231.327055
250.556471
-108.110651
20.118665
225.135230
236.360332
-89.832915
20.118665
217.695873
222.894000
-73.728125
20.118665
209.382755
210.064197
-59.513892
20.118665
200.450250
197.787299
-46.954957
20.118665
191.076652
185.991102
-35.856476
20.118665
181.389753
174.613026
-26.055595
20.118665
171.481935
163.597705
-17.414557
20.118665
161.419272
152.894680
-9.815617
20.118665
151.247070
142.548881
-3.213242
20.118665
141.085428
133.003147
2.235884
20.118665
131.453708
124.097018
6.769223
20.118665
122.268094
115.737904
10.545883
20.118665
113.486942
107.847230
13.690922
20.118665
105.065803
100.359168
16.302553
20.118665
96.960965
93.217435
18.458488
20.118665
89.129197
86.373267
20.220296
20.118665
81.527419
79.784077
21.636503
20.118665
74.112077
73.412729
22.744746
20.118665
66.838197
67.227485
23.573188
20.118665
59.658016
61.202918
24.141259
20.118665
52.518912
55.322514
24.459654
20.118665
45.360172
49.584584
24.529333
20.118665
38.107507
44.015312
24.338771
20.118665
30.662864
38.698357
23.857440
20.118665
22.882848
33.845995
23.018854
20.118665
14.523190
29.989249
21.661429
20.118665
5.037546
28.642990
19.667980
20.118665
-5.369428
30.221337
17.568339
20.118665
-14.139377
33.768342
15.211926
20.118665
-22.453008
38.700876
12.548931
20.118665
-30.586295
44.637655
9.528062
20.118665
-38.690769
51.368397
6.088300
20.118665
-46.870930
58.801003
2.153898
20.118665
-55.210126
66.921258
-2.370821
20.118665
-63.781450
75.770356
-7.608445
20.118665
-72.653270
85.436192
-13.718721
20.118665
-81.892484
95.727501
-20.684730
20.118665
-91.275055
106.720062
-28.655817
20.118665
-100.812971
118.527863
-37.827740
20.118665
-110.513147
131.268985
-48.425374
20.118665
-120.340221
145.080292
-60.719012
20.118665
-130.218017
159.446801
-74.372626
20.118665
-139.596684
174.582409
-89.680032
20.118665
-148.430956
190.611276
-106.882230
20.118665
-156.537813
207.678652
-126.269355
20.118665
-163.651190
225.975980
-148.219048
20.118665
-169.385646
245.769712
-173.251639
20.118665
-173.152708
267.454131
-202.136421
20.118665
-173.976488
289.504661
-233.022509
20.118665
-170.612715
311.420039
-265.242410
20.118665
-161.938705
332.071427
-297.138728
20.118665
-146.885153
349.302821
-325.268693
20.118665
-125.729780
361.548570
-346.826619
20.118665
-100.119447
368.382546
-360.802579
20.118665
-71.571213
369.689009
-366.834642
20.118665
-41.201305
365.713618
-364.964625
20.118665
-11.937836
357.042298
-356.130987
20.118665
15.657656
344.275658
-341.278716
20.118665
40.617800
328.388557
-321.876580
20.118665
61.884984
310.828040
-300.026261
20.118665
78.699127
293.018866
-277.770739
20.118665
91.097265
275.424688
-255.859496
20.118665
99.949567
258.151940
-234.521951
20.118665
106.005273
241.215367
-213.834023
20.118665
109.795734
225.332305
-194.689950
20.118665
111.649945
210.320539
-176.857489
20.118665
112.033018
196.079339
-160.199156
20.118665
111.259054
182.520911
-144.591422
20.118665
109.555661
169.568230
-129.923614
20.118665
107.090981
157.451710
-116.426015
20.118665
104.073355
146.164771
-104.051584
20.118665
100.661053
135.607355
-92.652169
20.118665
96.954471
125.698974
-82.106033
20.118665
93.027259
116.369393
-72.306406
20.118665
88.931764
107.557519
-63.159191
20.118665
84.704049
99.210392
-54.580632
20.118665
80.367256
91.282698
-46.495346
20.118665
75.933872
83.736867
-38.834551
20.118665
71.407141
76.543950
-31.534379
20.118665
66.781723
69.685682
-24.534142
20.118665
62.043609
63.158518
-17.774357
20.118665
57.169135
56.981101
-11.194211
20.118665
52.122691
51.207883
-4.727839
20.118665
46.852258
45.953826
1.701998
20.118665
41.280705
41.438494
8.196451
20.118665
35.287481
38.119626
14.759503
20.118665
28.818436
36.566231
21.584170
20.118665
21.597504
37.707133
29.171259
20.118665
12.888166
41.376701
35.877140
20.118665
4.483480
46.294644
41.565831
20.118665
-3.273388
52.033923
46.728504
20.118665
-10.918580
58.363029
51.516579
20.118665
-18.642009
65.168762
56.002042
20.118665
-26.570249
72.403224
60.216141
20.118665
-34.806357
80.057133
64.162648
20.118665
-43.445810
88.145799
67.821789
20.118665
-52.584466
96.701929
71.149603
20.118665
-62.323643
105.772340
74.073959
20.118665
-72.774142
115.417241
76.487141
20.118665
-84.060074
125.711669
78.233866
20.118665
-96.323025
136.749432
79.092404
20.118665
-109.727107
148.650988
78.744038
20.118665
-124.465787
161.451149
76.749914
20.118665
-140.609970
174.487498
72.808996
20.118665
-157.289466
187.489424
66.745618
20.118665
-174.047539
200.693205
58.169038
20.118665
-191.021897
214.171554
46.633565
20.118665
-208.062502
228.023924
31.555317
20.118665
-224.932015
242.370417
12.166747
20.118665
-241.227338
257.317709
-12.495333
20.118665
-256.225504
272.789908
-43.304260
20.118665
-268.578321
288.056799
-79.721301
20.118665
-276.073311
301.670098
-118.577737
20.118665
-276.657563
312.669161
-156.897539
20.118665
-269.704293
320.398353
-192.476720
20.118665
-255.348891
324.086718
-221.917714
20.118665
-235.329488
323.763501
-244.000840
20.118665
-211.852860
319.787883
-258.939118
20.118665
-186.574550
312.438912
-267.394253
20.118665
-160.354689
302.130899
-269.836299
20.118665
-134.412393
289.695468
-267.147961
20.118665
-110.230080
276.122590
-260.684618
20.118665
-88.783185
262.078910
-251.707335
20.118665
-70.171304
247.891057
-241.082336
20.118665
-54.078858
233.715322
-229.361394
20.118665
-40.142771
219.634356
-216.904424
20.118665
-28.052817
205.695597
-203.955003
20.118665
-17.557757
191.926594
-190.681905
20.118665
-8.453871
178.341658
-177.202306
20.118665
-0.573698
164.944965
-163.595119
20.118665
6.222356
152.546349
-150.759255
20.118665
11.716449
140.980330
-138.594135
20.118665
16.197485
130.149415
-127.041924
20.118665
19.860993
119.969825
-116.041364
20.118665
22.856070
110.371320
-105.532485
20.118665
25.297476
101.294947
-95.456789
20.118665
27.274660
92.692130
-85.757195
20.118665
28.857821
84.524763
-76.377590
20.118665
30.102135
76.766480
-67.262055
20.118665
31.050729
69.405620
-58.353730
20.118665
31.736756
62.450819
-49.593204
20.118665
32.184751
55.940945
-40.916154
20.118665
32.411371
49.962131
-32.249705
20.118665
32.425458
44.675555
-23.506400
20.118665
32.227219
40.356668
-14.570358
20.118665
31.805733
37.441551
-5.275698
20.118665
31.133198
36.543626
4.645685
20.118665
30.151178
38.447683
15.760573
20.118665
28.723997
44.121921
28.903000
20.118665
26.581946
50.653628
39.517979
20.118665
24.481802
57.883567
49.533213
20.118665
22.185749
65.634085
59.307877
20.118665
19.637927
73.840494
69.035208
20.118665
16.786836
82.496756
78.845962
20.118665
13.574548
91.632398
88.843198
20.118665
9.930850
101.302128
99.116557
20.118665
5.767878
111.582404
109.749373
20.118665
0.973248
122.572725
120.822813
20.118665
-4.600021
134.401740
132.418857
20.118665
-11.149589
147.135345
144.524825
20.118665
-18.884493
160.445109
156.734314
20.118665
-27.788972
174.458844
169.042897
20.118665
-38.152673
188.987953
181.117668
20.118665
-50.080695
203.583984
192.403091
20.118665
-63.424983
218.353329
202.752747
20.118665
-78.515853
233.255584
211.793799
20.118665
-95.638870
248.235987
218.976210
20.118665
-115.177098
263.215507
223.432144
20.118665
-137.679771
276.939758
223.830317
20.118665
-161.835898
289.080635
219.170991
20.118665
-187.421796
299.270887
208.046741
20.118665
-214.184165
306.720044
189.113364
20.118665
-240.641975
310.636521
162.652918
20.118665
-263.883147
310.972890
130.764685
20.118665
-281.424901
308.196676
95.403860
20.118665
-292.367122
302.686829
57.990719
20.118665
-296.397760
295.167438
22.236767
20.118665
-293.640226
285.854051
-11.177462
20.118665
-284.926030
274.847027
-41.274855
20.118665
-270.984343
262.585707
-66.450211
20.118665
-253.240720
249.902673
-85.602045
20.118665
-233.920661
237.287772
-99.296491
20.118665
-214.571511
224.777502
-108.711763
20.118665
-195.708757
212.295907
-114.776572
20.118665
-177.457403
199.769154
-118.130593
20.118665
-159.837784
187.181808
-119.218583
20.118665
-142.895760
175.026585
-118.448139
20.118665
-127.277583
163.202314
-116.238102
20.118665
-112.778270
151.668872
-112.883781
20.118665
-99.277078
140.445192
-108.623639
20.118665
-86.723677
129.835581
-103.792394
20.118665
-75.363494
119.760226
-98.548652
20.118665
-65.007032
110.172466
-93.009999
20.118665
-55.518930
101.029705
-87.256767
20.118665
-46.781377
92.295070
-81.342039
20.118665
-38.692272
83.937930
-75.297698
20.118665
-31.162031
75.935628
-69.138386
20.118665
-24.111045
68.276872
-62.863817
20.118665
-17.467431
60.968079
-56.459634
20.118665
-11.164929
54.045124
-49.896770
20.118665
-5.140729
47.686191
-43.230459
20.118665
0.582672
42.048464
-36.422090
20.118665
6.061683
37.390635
-29.395301
20.118665
11.367285
34.137840
-22.044689
20.118665
16.572964
32.870854
-14.209890
20.118665
21.767209
34.199312
-5.613377
20.118665
27.079923
38.704204
4.358998
20.118665
32.775812
46.338096
15.686865
20.118665
38.683080
54.060286
25.371640
20.118665
43.290112
62.150384
34.797672
20.118665
47.402864
70.573660
44.241663
20.118665
51.171829
79.348641
53.878413
20.118665
54.667749
88.517931
63.841698
20.118665
57.921508
98.140092
74.250660
20.118665
60.938956
108.286303
85.221862
20.118665
63.705550
119.039665
96.876377
20.118665
66.186470
130.496100
109.345021
20.118665
68.323772
142.766487
122.773038
20.118665
70.030638
155.980086
137.324996
20.118665
71.181965
170.289721
153.190560
20.118665
71.599447
185.880140
170.592382
20.118665
71.027494
202.989353
189.806054
20.118665
69.091091
221.129134
210.270023
20.118665
65.420566
240.189434
231.811204
20.118665
59.579938
259.240363
253.288998
20.118665
51.434313
278.517000
274.831699
20.118665
40.428896
297.858152
296.043932
20.118665
25.936619
316.965305
316.246365
20.118665
7.104948
335.196615
334.152610
20.118665
-17.147694
351.082014
347.257509
20.118665
-47.602965
361.929237
351.818841
20.118665
-82.531901
365.755987
345.878820
20.118665
-117.219977
362.907703
330.679749
20.118665
-148.149058
354.450344
307.995569
20.118665
-174.267080
341.467043
279.815674
20.118665
-194.674521
325.656788
249.285399
20.118665
-208.577019
307.657087
217.383526
20.118665
-216.777594
288.192293
185.422558
20.118665
-219.700961
268.323558
155.165700
20.118665
-217.982514
249.140817
128.120554
20.118665
-212.724023
231.152679
104.696949
20.118665
-205.098389
214.370400
84.571682
20.118665
-195.952898
198.644277
67.269310
20.118665
-185.821495
183.814173
52.369210
20.118665
-175.043867
169.742876
39.531143
20.118665
-163.844963
156.317194
28.481681
20.118665
-152.378143
143.442966
18.998281
20.118665
-140.748673
131.039930
10.897156
20.118665
-129.026953
119.037535
4.024876
20.118665
-117.256021
107.998562
-1.459652
20.118665
-106.098059
97.833074
-5.806936
20.118665
-95.565837
88.403196
-9.242153
20.118665
-85.585905
79.607397
-11.932527
20.118665
-76.093309
71.367128
-14.005858
20.118665
-67.024938
63.624459
-15.560260
20.118665
-58.319717
56.342466
-16.670919
20.118665
-49.917865
49.509755
-17.394696
20.118665
-41.759786
43.151348
-17.773167
20.118665
-33.784504
37.350456
-17.834400
20.118665
-25.927400
32.287921
-17.593495
20.118665
-18.116790
28.301181
-17.051620
20.118665
-10.268321
25.925604
-16.192625
20.118665
-2.274892
25.790895
-14.974686
20.118665
6.014014
28.323197
-13.308793
20.118665
14.843141
33.714030
-10.987995
20.118665
24.721227
42.396647
-7.558701
20.118665
36.545602
50.387018
-4.288002
20.118665
45.996782
58.503974
-0.742689
20.118665
54.930890
66.847453
3.174103
20.118665
63.669038
75.514038
7.554330
20.118665
72.391584
84.606460
12.502342
20.118665
81.223050
89.695931
15.500559
20.118665
86.025183
