37.452773
10.000000
20.067641
30.000000
111.330231
105.346037
20.067641
29.898539
206.087361
202.963360
20.067641
29.583184
306.531749
304.494009
20.067641
29.024159
403.414331
401.922631
20.067641
28.259711
495.424511
494.263402
20.067641
27.320797
584.312179
583.379117
20.067641
26.207217
671.042575
670.279580
20.067641
24.914099
756.277338
755.647830
20.067641
23.432016
839.148361
838.625691
20.067641
21.776396
917.249891
916.812045
20.067641
20.008155
992.108592
991.740285
20.067641
18.109567
1064.333974
1064.023366
20.067641
16.074028
1134.376040
1134.113422
20.067641
13.893748
1202.578395
1202.355379
20.067641
11.559784
1269.212605
1269.021595
20.067641
9.061956
1334.499285
1334.333098
20.067641
6.388751
1398.621678
1398.473256
20.067641
3.527215
1461.734803
1461.596973
20.067641
0.462837
1523.971836
1523.837095
20.067641
-2.820600
1585.448722
1585.309033
20.067641
-6.341184
1646.267606
1646.114190
20.067641
-10.119064
1706.519467
1706.342581
20.067641
-14.176688
1766.286197
1766.074891
20.067641
-18.539063
1825.868595
1825.610234
20.067641
-23.252703
1885.675513
1885.355083
20.067641
-28.383839
1945.709146
1945.308997
20.067641
-33.974653
2006.009829
2005.509064
20.067641
-40.076399
2066.619348
2065.993098
20.067641
-46.747629
2127.582211
2126.800732
20.067641
-54.055571
2188.947018
2187.974561
20.067641
-62.077854
2250.768285
2249.561664
20.067641
-70.904743
2313.108951
2311.615704
20.067641
-80.642103
2376.043952
2374.199943
20.067641
-91.415424
2439.665481
2437.391732
20.067641
-103.375502
2504.091103
2501.289484
20.067641
-116.706735
2569.476875
2566.024094
20.067641
-131.639846
2636.039939
2631.778816
20.067641
-148.472604
2704.100739
2698.826825
20.067641
-167.606292
2772.812196
2766.279274
20.067641
-189.165925
2840.593509
2832.528059
20.067641
-212.963763
2907.794931
2897.851927
20.067641
-239.421937
2974.537324
2962.282055
20.067641
-268.988117
3041.003057
3025.876048
20.067641
-302.276398
3107.492186
3088.749727
20.067641
-340.191273
3174.571316
3151.170561
20.067641
-384.219243
3243.564975
3213.887650
20.067641
-437.306771
3307.777185
3270.252173
20.067641
-496.425140
3370.563937
3322.332477
20.067641
-567.807584
3430.456364
3366.670607
20.067641
-658.146777
3467.870465
3388.044811
20.067641
-739.510113
3490.093761
3392.724754
20.067641
-818.395070
3498.216075
3382.973552
20.067641
-890.282507
3494.375988
3360.153244
20.067641
-958.973937
3478.876166
3324.788304
20.067641
-1023.698883
3453.210148
3279.494985
20.067641
-1081.281768
3419.642866
3227.303136
20.067641
-1130.517178
3378.307371
3167.963668
20.067641
-1173.270720
3327.644057
3099.441759
20.067641
-1210.897619
3263.230799
3016.631335
20.067641
-1244.270037
3180.306565
2914.960752
20.067641
-1271.593864
3102.907352
2823.832828
20.067641
-1285.923592
3033.611201
2744.734889
20.067641
-1291.829940
2967.006454
2670.603586
20.067641
-1292.517340
2901.118040
2598.881019
20.067641
-1289.147246
2836.082332
2529.495662
20.067641
-1282.424258
2774.052440
2464.499341
20.067641
-1273.266361
2714.003981
2402.584108
20.067641
-1262.142822
2655.434765
2343.070099
20.067641
-1249.381284
2598.022100
2285.506755
20.067641
-1235.222649
2541.545155
2229.575290
20.067641
-1219.853717
2485.844569
2175.037897
20.067641
-1203.424554
2430.800674
2121.710058
20.067641
-1186.058867
2376.320695
2069.444113
20.067641
-1167.860607
2322.330746
2018.118908
20.067641
-1148.918386
2268.770569
1967.632937
20.067641
-1129.308555
2215.589927
1917.899622
20.067641
-1109.097405
2162.746045
1868.843947
20.067641
-1088.342798
2110.201748
1820.399986
20.067641
-1067.095401
2057.924047
1772.509038
20.067641
-1045.399629
2005.883067
1725.118187
20.067641
-1023.294391
1954.051195
1678.179174
20.067641
-1000.813681
1902.402392
1631.647471
20.067641
-977.987055
1850.911635
1585.481537
20.067641
-954.840021
1799.549986
1539.638211
20.067641
-931.392301
1747.948312
1493.774330
20.067641
-907.501428
1696.083839
1447.858973
20.067641
-883.177261
1643.913070
1401.843882
20.067641
-858.417848
1591.389602
1355.679343
20.067641
-833.217664
1538.462433
1309.312642
20.067641
-807.566935
1485.075123
1262.687308
20.067641
-781.451325
1431.164736
1215.742167
20.067641
-754.851492
1376.660550
1168.410210
20.067641
-727.742497
1321.482448
1120.617200
20.067641
-700.093023
1265.538867
1072.279914
20.067641
-671.864346
1208.724122
1023.303864
20.067641
-643.008939
1150.914843
973.580273
20.067641
-613.468595
1091.965081
922.981954
20.067641
-583.171793
1031.699404
871.357489
20.067641
-552.029961
969.902799
818.522737
20.067641
-519.931975
906.305256
764.247888
20.067641
-486.735731
840.557000
708.236651
20.067641
-452.254582
772.185943
650.090500
20.067641
-416.234023
700.517851
589.241573
20.067641
-378.307966
626.942114
526.872786
20.067641
-339.203143
552.461050
463.831336
20.067641
-299.451153
476.665126
399.765730
20.067641
-258.832557
399.152035
334.329544
20.067641
-217.125292
319.408635
267.076836
20.067641
-174.037724
236.760269
197.403367
20.067641
-129.168980
150.313903
124.419226
20.067641
-81.923229
59.656398
46.647902
20.067641
-31.307330
40.953789
-30.225818
20.067641
18.997436
129.966668
-107.678566
20.067641
69.956781
224.467990
-187.043514
20.067641
122.465882
323.299942
-269.551118
20.067641
177.376259
415.009048
-345.874140
20.067641
228.475118
502.751144
-418.724034
20.067641
277.535918
587.886975
-489.259059
20.067641
325.321315
671.266842
-558.194372
20.067641
372.311033
753.497634
-626.033692
20.067641
418.852946
831.546229
-690.280716
20.067641
463.226676
905.794815
-751.262193
20.067641
505.634901
977.247636
-809.811034
20.067641
546.640944
1046.429642
-866.361160
20.067641
586.541240
1113.735053
-921.235858
20.067641
625.561790
1179.470744
-974.684110
20.067641
663.882076
1243.883618
-1026.903430
20.067641
701.650262
1307.177855
-1078.054183
20.067641
738.992837
1369.526326
-1128.268987
20.067641
776.021096
1431.078506
-1177.659133
20.067641
812.835744
1491.966222
-1226.319152
20.067641
849.530361
1552.308022
-1274.330155
20.067641
886.194189
1612.212693
-1321.762393
20.067641
922.914532
1671.782268
-1368.677282
20.067641
959.779005
1730.926670
-1414.982277
20.067641
996.759540
1789.399779
-1460.463254
20.067641
1033.729145
1847.286833
-1505.164169
20.067641
1070.769236
1904.626055
-1549.088895
20.067641
1107.935600
1961.449797
-1592.233220
20.067641
1145.284230
2017.785165
-1634.584976
20.067641
1182.872021
2073.934804
-1676.331131
20.067641
1220.949139
2129.971693
-1717.475209
20.067641
1259.625186
2185.879160
-1757.946339
20.067641
1298.957143
2241.651536
-1797.673630
20.067641
1339.017707
2297.283466
-1836.576594
20.067641
1379.889500
2352.771042
-1874.563897
20.067641
1421.667705
2408.113237
-1911.531599
20.067641
1464.463586
2463.313918
-1947.360716
20.067641
1508.409425
2518.384808
-1981.913776
20.067641
1553.665703
2573.350072
-2015.029831
20.067641
1600.432024
2628.253894
-2046.516980
20.067641
1648.964546
2683.173879
-2076.140672
20.067641
1699.605620
2738.246952
-2103.604308
20.067641
1752.838434
2793.725596
-2128.514340
20.067641
1809.399541
2849.114770
-2149.956345
20.067641
1869.422365
2901.238122
-2166.145932
20.067641
1929.920136
2951.100118
-2176.871168
20.067641
1992.440993
2999.174954
-2181.157315
20.067641
2058.446129
3046.482390
-2176.798607
20.067641
2131.243783
3092.443486
-2158.781993
20.067641
2214.150923
3128.661636
-2124.355040
20.067641
2296.788320
3149.428673
-2081.020056
20.067641
2363.864163
3158.962129
-2030.183440
20.067641
2420.122771
3158.837194
-1970.063652
20.067641
2469.149431
3149.962823
-1906.295031
20.067641
2507.569008
3133.419287
-1838.645540
20.067641
2537.182747
3110.031093
-1768.288402
20.067641
2558.328911
3080.210301
-1695.558460
20.067641
2571.453733
3042.962823
-1618.484375
20.067641
2576.767036
2997.034781
-1536.039054
20.067641
2573.402182
2944.629774
-1453.206166
20.067641
2560.982943
2879.011540
-1361.417097
20.067641
2536.700263
2806.691611
-1271.706740
20.067641
2501.974632
2742.114835
-1199.571391
20.067641
2465.729007
2683.721534
-1139.697195
20.067641
2429.619078
2628.633886
-1087.229664
20.067641
2393.166324
2575.374497
-1039.775238
20.067641
2356.059962
2523.278595
-996.140796
20.067641
2318.239779
2471.965838
-955.589720
20.067641
2279.706271
2421.193007
-917.616814
20.067641
2240.480361
2370.792892
-881.850906
20.067641
2200.589741
2320.644592
-848.005660
20.067641
2160.063660
2270.657393
-815.852008
20.067641
2118.930812
2220.761280
-785.201475
20.067641
2077.218476
2170.901011
-755.895512
20.067641
2034.952202
2121.032197
-727.798355
20.067641
1992.155723
2071.118612
-700.792067
20.067641
1948.850962
2021.130252
-674.772982
20.067641
1905.058060
1971.041890
-649.649085
20.067641
1860.795391
1920.831943
-625.338037
20.067641
1816.079564
1871.166454
-602.081165
20.067641
1771.541549
1822.012915
-579.775505
20.067641
1727.190990
1773.300946
-558.312643
20.067641
1682.997483
1724.971854
-537.600460
20.067641
1638.935914
1676.973722
-517.558932
20.067641
1594.983042
1629.259722
-498.117893
20.067641
1551.116725
1581.786737
-479.215273
20.067641
1507.315260
1534.280587
-460.705599
20.067641
1463.340207
1486.664305
-442.529962
20.067641
1419.131875
1438.890248
-424.644913
20.067641
1374.656005
1390.907168
-407.008945
20.067641
1329.873588
1342.660901
-389.582489
20.067641
1284.741635
1294.093257
-372.327290
20.067641
1239.212264
1245.140850
-355.205808
20.067641
1193.231687
1195.733688
-338.180599
20.067641
1146.738953
1145.793426
-321.213628
20.067641
1099.664344
1095.231128
-304.265478
20.067641
1051.927294
1043.944338
-287.294377
20.067641
1003.433611
991.813084
-270.254954
20.067641
954.071666
938.694294
-253.096559
20.067641
903.707032
884.413667
-235.760880
20.067641
852.174648
828.753337
-218.178378
20.067641
799.266901
771.432163
-200.262645
20.067641
744.714539
712.072072
-181.900786
20.067641
688.154074
650.135447
-162.935537
20.067641
629.067088
587.227012
-143.861754
20.067641
568.978601
523.841261
-124.823173
20.067641
508.356304
459.695811
-105.727742
20.067641
446.921887
394.507355
-86.485072
20.067641
384.387402
327.934543
-66.987156
20.067641
320.392065
259.561934
-47.097621
20.067641
254.463163
188.904764
-26.630404
20.067641
185.938488
115.679152
-5.304572
20.067641
113.801659
47.825758
16.204125
20.067641
40.274300
53.885658
37.452183
20.067641
-33.140428
124.221840
58.766363
20.067641
-107.586569
202.081039
80.475603
20.067641
-184.276188
282.400334
102.338156
20.067641
-262.438832
358.043427
122.607215
20.067641
-335.797344
430.920828
141.877222
20.067641
-406.399930
501.959829
160.423326
20.067641
-475.210813
571.773543
178.416332
20.067641
-542.853467
640.813280
195.972740
20.067641
-609.781629
707.274827
212.638053
20.067641
-674.255166
770.594121
228.286420
20.067641
-735.729501
831.659259
243.150969
20.067641
-795.067305
890.892020
257.340882
20.067641
-852.679044
948.605219
270.933447
20.067641
-908.869748
1005.038790
283.984144
20.067641
-963.874092
1060.382529
296.532918
20.067641
-1017.878493
1114.790311
308.608038
20.067641
-1071.034923
1168.389408
320.228572
20.067641
-1123.469964
1221.286846
331.406004
20.067641
-1175.290990
1273.573892
342.145300
20.067641
-1226.590536
1325.329321
352.445609
20.067641
-1277.449487
1376.621867
362.300697
20.067641
-1327.939479
1427.512108
371.699183
20.067641
-1378.124749
1478.053956
380.624617
20.067641
-1428.063615
1528.295879
389.055436
20.067641
-1477.809680
1578.281917
396.964782
20.067641
-1527.412866
1628.052590
404.320222
20.067641
-1576.920316
1677.864036
411.111773
20.067641
-1626.595255
1727.858628
417.298321
20.067641
-1676.590242
1778.049387
422.810407
20.067641
-1726.930303
1828.464571
427.570046
20.067641
-1777.656838
1879.135204
431.486960
20.067641
-1828.815302
1930.096553
434.456209
20.067641
-1880.456805
1981.390070
436.355063
20.067641
-1932.640204
2033.066133
437.038792
20.067641
-1985.435037
2085.188048
436.334804
20.067641
-2038.925802
2137.838141
434.034198
20.067641
-2093.218460
2191.127444
429.879045
20.067641
-2148.450784
2245.212057
423.542150
20.067641
-2204.809860
2300.322923
414.592503
20.067641
-2262.564010
2354.554796
402.983066
20.067641
-2319.726326
2407.856597
388.465126
20.067641
-2376.229267
2460.452482
370.656733
20.067641
-2432.290545
2512.505176
349.075085
20.067641
-2488.056698
2564.230155
323.051778
20.067641
-2543.719939
2615.950627
291.595788
20.067641
-2599.570516
2668.235276
253.072223
20.067641
-2656.130875
2722.347981
204.229874
20.067641
-2714.602361
2778.698888
140.417223
20.067641
-2775.076180
2836.537265
54.599339
20.067641
-2835.940736
2883.430577
-40.853085
20.067641
-2883.071315
2914.410116
-130.007137
20.067641
-2911.439809
2934.014584
-214.001957
20.067641
-2926.130898
2944.781548
-294.340206
20.067641
-2929.965785
2947.903684
-373.543793
20.067641
-2924.072239
2943.555044
-450.154833
20.067641
-2908.861326
2931.668431
-524.572854
20.067641
-2884.285076
2912.289563
-594.930520
20.067641
-2850.804354
2886.412382
-658.312612
20.067641
-2810.266577
2852.821707
-717.359568
20.067641
-2761.083887
2807.793464
-774.595173
20.067641
-2698.759667
2751.348022
-825.487556
20.067641
-2624.515865
2699.219859
-859.110276
20.067641
-2558.772102
2651.130004
-881.996492
20.067641
-2500.033955
2603.937413
-898.582895
20.067641
-2443.897732
2556.706136
-910.468560
20.067641
-2389.014558
2509.028890
-918.496812
20.067641
-2334.777691
2460.652186
-923.203078
20.067641
-2280.811817
2411.380560
-924.955587
20.067641
-2226.838713
2361.468071
-924.035574
20.067641
-2173.082372
2312.426597
-920.836347
20.067641
-2121.078612
2263.969181
-915.718237
20.067641
-2070.413933
2215.962945
-908.955006
20.067641
-2020.863643
2168.313614
-900.762835
20.067641
-1972.259499
2120.953565
-891.317503
20.067641
-1924.472506
2073.832539
-880.764955
20.067641
-1877.400273
2026.912013
-869.228297
20.067641
-1830.959247
1980.161544
-856.812600
20.067641
-1785.079606
1933.556293
-843.608333
20.067641
-1739.701759
1887.075293
-829.693894
20.067641
-1694.773877
1840.700192
-815.137511
20.067641
-1650.250079
1794.414328
-799.998712
20.067641
-1606.089080
1748.202024
-784.329480
20.067641
-1562.253139
1702.048032
-768.175179
20.067641
-1518.707242
1655.925555
-751.571082
20.067641
-1475.407619
1609.559148
-734.454067
20.067641
-1432.080712
1562.933870
-716.847562
20.067641
-1388.700524
1516.018847
-698.765888
20.067641
-1345.227366
1468.780632
-680.219295
20.067641
-1301.620354
1421.181915
-661.213708
20.067641
-1257.836141
1373.180876
-641.750652
20.067641
-1213.828286
1324.730373
-621.827078
20.067641
-1169.546466
1275.776970
-601.435070
20.067641
-1124.935564
1226.259720
-580.561430
20.067641
-1079.934542
1176.108639
-559.187072
20.067641
-1034.475055
1125.242733
-537.286193
20.067641
-988.479663
1073.567396
-514.825120
20.067641
-941.859511
1020.970902
-491.760705
20.067641
-894.511197
967.319541
-468.038039
20.067641
-846.312459
912.450661
-443.587149
20.067641
-797.116013
856.162348
-418.318045
20.067641
-746.740430
798.197411
-392.112988
20.067641
-694.955971
738.217077
-364.813772
20.067641
-641.461343
675.754555
-336.199238
20.067641
-585.842624
610.261873
-306.004996
20.067641
-527.615187
544.308787
-275.410393
20.067641
-469.061255
477.487097
-244.227976
20.067641
-409.809606
409.506857
-212.318021
20.067641
-349.591495
340.009389
-179.498916
20.067641
-288.069112
268.553955
-145.531705
20.067641
-224.808895
194.604918
-110.083310
20.067641
-159.216923
117.704418
-72.651268
20.067641
-90.406931
42.906067
-33.188966
20.067641
-18.349739
57.134859
6.222602
20.067641
53.131545
135.109401
46.299302
20.067641
125.332417
218.822524
87.729740
20.067641
199.459469
306.380627
130.962077
20.067641
276.252262
388.235689
171.495951
20.067641
347.726011
466.899542
210.616491
20.067641
416.212886
543.503265
248.898096
20.067641
482.745095
618.770961
286.710332
20.067641
547.970782
693.228507
324.326696
20.067641
612.352225
764.544790
360.569729
20.067641
673.880921
832.520036
395.325566
20.067641
732.396475
898.105266
429.070283
20.067641
788.726221
961.766398
462.039298
20.067641
843.274321
1023.852046
494.412434
20.067641
896.340698
1084.632670
526.333054
20.067641
948.155491
1144.325362
557.920267
20.067641
998.900795
1203.109400
589.276662
20.067641
1048.724241
1261.136514
620.493498
20.067641
1097.747883
1318.537962
651.654381
20.067641
1146.074263
1375.429635
682.838023
20.067641
1193.790687
1431.915886
714.120445
20.067641
1240.972354
1488.092556
745.576851
20.067641
1287.684707
1544.049479
777.283337
20.067641
1333.985269
1599.872684
809.318565
20.067641
1379.925126
1655.646474
841.765518
20.067641
1425.550192
1711.455537
874.713462
20.067641
1470.902344
1767.010365
908.032339
20.067641
1515.717715
1822.143344
941.659131
20.067641
1559.833881
1876.924999
975.675455
20.067641
1603.278563
1931.390010
1010.145769
20.067641
1646.046836
1985.658130
1045.194635
20.067641
1688.195390
2039.996790
1081.055189
20.067641
1729.885509
2094.398647
1117.793869
20.067641
1771.056140
2148.888414
1155.505506
20.067641
1811.663802
2203.495761
1194.297320
20.067641
1851.660004
2258.257243
1234.291920
20.067641
1890.990883
2313.218589
1275.631201
20.067641
1929.596479
2368.437845
1318.481745
20.067641
1967.409719
2423.989857
1363.042595
20.067641
2004.355008
2479.972996
1409.556835
20.067641
2040.346265
2536.519745
1458.329678
20.067641
2075.284139
2593.814430
1509.758263
20.067641
2109.052056
2652.125231
1564.384377
20.067641
2141.510460
2711.867942
1622.996951
20.067641
2172.488417
2773.751875
1686.860253
20.067641
2201.771841
2839.194630
1758.342878
20.067641
2229.092587
2905.161478
1835.135496
20.067641
2252.074203
2971.504182
1918.054867
20.067641
2269.471286
3042.451313
2014.567436
20.067641
2279.830109
3116.849245
2127.540488
20.067641
2277.700151
3173.717282
2226.190143
20.067641
2261.892156
3212.577317
2304.051408
20.067641
2238.659737
3241.967339
2373.772172
20.067641
2207.975361
3263.220305
2437.818857
20.067641
2169.157272
3275.725015
2494.917670
20.067641
2122.582738
3278.973578
2542.994382
20.067641
2069.889994
3273.398116
2580.433710
20.067641
2013.974771
3259.448120
2608.555592
20.067641
1954.235672
3236.296936
2627.826208
20.067641
1888.847417
3204.605293
2636.896546
20.067641
1820.952768
3162.941388
2635.592013
20.067641
1748.556620
3105.504821
2621.160027
20.067641
1665.316065
3049.975053
2599.046591
20.067641
1595.901606
2996.556602
2572.815350
20.067641
1536.089169
2941.574596
2542.142826
20.067641
1479.854130
2886.635804
2508.645421
20.067641
1427.922164
2832.522943
2473.443551
20.067641
1380.166842
2778.740523
2436.685567
20.067641
1335.499769
2725.065582
2398.534645
20.067641
1293.294735
2671.369474
2359.128800
20.067641
1253.125478
2617.574785
2318.586323
20.067641
1214.682062
2563.633684
2277.009567
20.067641
1177.727636
2509.516564
2234.488037
20.067641
1142.074378
2455.205528
2191.100712
20.067641
1107.569025
2400.690394
2146.917786
20.067641
1074.083644
2345.966087
2102.001945
20.067641
1041.509479
2291.030863
2056.409314
20.067641
1009.752660
2235.885010
2010.190148
20.067641
978.731137
2180.529880
1963.389326
20.067641
948.372396
2124.967108
1916.046708
20.067641
918.611731
2069.556507
1868.505969
20.067641
889.576791
2014.617719
1821.079380
20.067641
861.366203
1960.061718
1773.724911
20.067641
833.869996
1905.829479
1726.420685
20.067641
807.003663
1851.868225
1679.145727
20.067641
780.693818
1798.130217
1631.879737
20.067641
754.876208
1744.317030
1584.377636
20.067641
729.374182
1690.266158
1536.509483
20.067641
704.084927
1635.921161
1488.236593
20.067641
678.960365
1581.216622
1439.510668
20.067641
653.951322
1526.082732
1390.278002
20.067641
629.009437
1470.443584
1340.478097
20.067641
604.086164
1414.215557
1290.042326
20.067641
579.131876
1357.305349
1238.892234
20.067641
554.094878
1299.607507
1186.937372
20.067641
528.920254
1241.001237
1134.072444
20.067641
503.548460
1181.346146
1080.173446
20.067641
477.913521
1120.476370
1025.092323
20.067641
451.940610
1058.192185
968.649283
20.067641
425.542660
994.247555
910.621363
20.067641
398.615383
928.330717
850.724560
20.067641
371.029558
860.032113
788.584305
20.067641
342.618326
788.787217
723.682792
20.067641
313.154563
714.306527
655.750418
20.067641
282.528750
639.194254
587.159752
20.067641
251.813444
562.981737
517.482358
20.067641
220.811539
485.323399
446.398268
20.067641
189.379718
405.785279
373.500707
20.067641
157.341045
323.814965
298.262202
20.067641
124.471203
238.675342
219.953021
20.067641
90.464785
149.371411
137.473041
20.067641
54.865938
57.756968
51.136901
20.067641
17.837445
44.536106
-34.996361
20.067641
-18.868206
136.113656
-122.469905
20.067641
-55.904737
233.486271
-212.825985
20.067641
-93.905423
332.840171
-304.758227
20.067641
-132.296230
425.641427
-390.614550
20.067641
-167.893383
514.670913
-473.024813
20.067641
-201.819138
601.180749
-553.165337
20.067641
-234.571297
685.971290
-631.785573
20.067641
-266.459924
769.619886
-709.426642
20.067641
-297.701022
847.945310
-782.206188
20.067641
-326.744576
922.769439
-851.810712
20.067641
-354.286945
994.842023
-918.934293
20.067641
-380.614906
1064.652994
-984.031287
20.067641
-405.913432
1132.571047
-1047.444647
20.067641
-430.318692
1198.883714
-1109.442922
20.067641
-453.933753
1263.821884
-1170.242896
20.067641
-476.838138
1327.575344
-1230.023949
20.067641
-499.093846
1390.303084
-1288.937594
20.067641
-520.749302
1452.140405
-1347.114051
20.067641
-541.842025
1513.203982
-1404.666963
20.067641
-562.400485
1573.595592
-1461.696866
20.067641
-582.445404
1633.404929
-1518.293837
20.067641
-601.990679
1692.711805
-1574.539569
20.067641
-621.044033
1751.587892
-1630.509041
20.067641
-639.607459
1810.098169
-1686.271916
20.067641
-657.677504
1868.302140
-1741.893740
20.067641
-675.245418
1926.254903
-1797.437016
20.067641
-692.297200
1984.487353
-1853.423703
20.067641
-708.948461
2043.001738
-1909.872699
20.067641
-725.148030
2101.831399
-1966.834620
20.067641
-740.846880
2161.013678
-2024.366151
20.067641
-755.988818
2220.589611
-2082.530068
20.067641
-770.508940
2280.605429
-2141.397070
20.067641
-784.332201
2341.114542
-2201.048199
20.067641
-797.371567
2402.180279
-2261.578148
20.067641
-809.525579
2463.879747
-2323.099906
20.067641
-820.675040
2526.309501
-2385.751536
20.067641
-830.678392
2589.594199
-2449.706472
20.067641
-839.365000
2653.900494
-2515.189967
20.067641
-846.524985
2719.460787
-2582.507050
20.067641
-851.892952
2786.617247
-2652.094030
20.067641
-855.120006
2855.912895
-2724.624357
20.067641
-855.720672
2928.312910
-2801.263895
20.067641
-852.956259
2999.461145
-2877.516952
20.067641
-846.321832
3070.237505
-2954.390697
20.067641
-835.183353
3141.351700
-3032.773633
20.067641
-818.518101
3213.988010
-3114.178781
20.067641
-794.485205
3291.321307
-3202.612981
20.067641
-758.724801
3365.399743
-3289.482869
20.067641
-710.503469
3438.806407
-3378.590759
20.067641
-640.399306
3482.878140
-3434.611998
20.067641
-577.475412
3513.829395
-3476.562444
20.067641
-510.007729
3531.621292
-3504.019175
20.067641
-440.222514
3536.888947
-3517.378722
20.067641
-370.442485
3530.496650
-3517.632621
20.067641
-300.440726
3512.980555
-3505.273825
20.067641
-231.700418
3485.040498
-3481.057400
20.067641
-165.360044
3448.826351
-3447.189011
20.067641
-104.347527
3402.887351
-3402.524163
20.067641
-45.485571
3342.616361
-3342.524742
20.067641
14.483605
3261.762869
-3260.805116
20.067641
76.448019
3188.222179
-3185.875353
20.067641
120.649025
3121.805728
-3117.972269
20.067641
153.353274
3057.436362
-3052.073403
20.067641
179.895367
2993.795063
-2986.903809
20.067641
202.019322
2930.315657
-2921.928755
20.067641
220.634293
2866.671975
-2856.844218
20.067641
236.318886
2802.643558
-2791.445566
20.067641
249.479169
2738.987688
-2726.519191
20.067641
260.276673
2677.035430
-2663.425705
20.067641
268.848464
2616.322225
-2601.688998
20.067641
275.596862
2556.602365
-2541.055307
20.067641
280.803972
2497.700573
-2481.342128
20.067641
284.686990
2439.487776
-2422.413751
20.067641
287.418715
2381.864990
-2364.164983
20.067641
289.140201
2324.753708
-2306.511473
20.067641
289.968821
2268.089767
-2249.383548
20.067641
290.003678
2211.819261
-2192.722106
20.067641
289.329399
2155.895705
-2136.475769
20.067641
288.018876
2100.278005
-2080.598849
20.067641
286.135313
2044.928961
-2025.049847
20.067641
283.733786
1989.814138
-1969.790313
20.067641
280.862455
1934.900978
-1914.783948
20.067641
277.563536
1880.158090
-1859.995895
20.067641
273.874071
1825.554662
-1805.392129
20.067641
269.826563
1771.059947
-1750.938945
20.067641
265.449493
1716.642809
-1696.602488
20.067641
260.767756
1661.946856
-1642.024676
20.067641
255.772565
1606.826823
-1587.058920
20.067641
250.466990
1551.224479
-1531.645732
20.067641
244.859193
1495.070068
-1475.714301
20.067641
238.954179
1438.285858
-1419.186035
20.067641
232.754159
1380.784143
-1361.972573
20.067641
226.258371
1322.465021
-1303.973575
20.067641
219.462840
1263.213478
-1245.073819
20.067641
212.359991
1202.895476
-1185.139311
20.067641
204.938112
1141.352573
-1124.011931
20.067641
197.180543
1078.394277
-1061.501822
20.067641
189.064509
1013.786780
-997.376182
20.067641
180.559340
947.235620
-931.341994
20.067641
171.623719
878.357506
-863.017950
20.067641
162.201161
806.631191
-791.885491
20.067641
152.212145
731.303443
-717.195030
20.067641
141.539060
654.954328
-641.499392
20.067641
130.541150
577.569936
-564.775476
20.067641
119.218213
498.801136
-486.661849
20.067641
107.517940
418.251295
-406.737094
20.067641
95.374902
335.434679
-324.460014
20.067641
82.700744
249.761366
-239.093507
20.067641
69.370919
160.667964
-149.548410
20.067641
55.197439
70.477636
-54.489220
20.067641
39.941355
50.829987
39.686444
20.067641
24.616326
136.536588
134.758059
20.067641
8.932810
233.276717
232.294693
20.067641
-7.381878
335.784500
334.273838
20.067641
-24.688494
431.032121
428.614564
20.067641
-40.933297
522.170804
518.699046
20.067641
-56.665139
610.561380
605.954920
20.067641
-72.118818
697.057554
691.259676
20.067641
-87.444747
782.267259
775.229432
20.067641
-102.755450
863.546541
855.269920
20.067641
-117.572455
940.715697
931.213980
20.067641
-131.847773
1014.887149
1004.162823
20.067641
-145.774621
1086.610245
1074.660383
20.067641
-159.449607
1156.295580
1143.112297
20.067641
-172.948069
1224.260859
1209.831595
20.067641
-186.331567
1290.759909
1275.067540
20.067641
-199.652698
1356.000802
1339.023632
20.067641
-212.958161
1420.157740
1401.869381
20.067641
-226.290817
1483.379165
1463.748333
20.067641
-239.691167
1545.793518
1524.783731
20.067641
-253.198470
1607.513451
1585.082641
20.067641
-266.851653
1668.639022
1644.739053
20.067641
-280.690087
1729.260202
1703.836270
20.067641
-294.754308
1789.458898
1762.448820
20.067641
-309.086711
1849.310669
1820.644022
20.067641
-323.732275
1909.013926
1878.607195
20.067641
-338.771996
1969.033475
1936.779403
20.067641
-354.366561
2029.374007
1995.152273
20.067641
-370.571935
2090.086001
2053.759528
20.067641
-387.464299
2151.225237
2112.637102
20.067641
-405.131813
2212.855472
2171.825006
20.067641
-423.677676
2275.051909
2231.369706
20.067641
-443.224222
2337.906309
2291.327700
20.067641
-463.918711
2401.534870
2351.771153
20.067641
-485.941832
2466.090978
2412.797243
20.067641
-509.520818
2531.787188
2474.544634
20.067641
-534.950941
2597.802555
2536.170700
20.067641
-562.150853
2663.122751
2596.661024
20.067641
-590.907442
2727.934048
2656.115878
20.067641
-621.506158
2792.270480
2714.474998
20.067641
-654.214955
2856.187660
2771.673122
20.067641
-689.371699
2919.774594
2827.639127
20.067641
-727.418679
2983.179787
2882.299281
20.067641
-768.966698
3046.668745
2935.589287
20.067641
-814.925316
3110.773085
2987.497578
20.067641
-866.812954
3174.722324
3036.709066
20.067641
-925.665802
3234.034786
3079.074595
20.067641
-988.877103
3291.477744
3115.442188
20.067641
-1061.811192
3347.011170
3142.732800
20.067641
-1151.221791
3385.635908
3151.356454
20.067641
-1237.368292
3408.222877
3143.330033
20.067641
-1317.215538
3416.756193
3122.299851
20.067641
-1387.466687
3413.755744
3089.180287
20.067641
-1452.683973
3399.516298
3044.286990
20.067641
-1512.820236
3375.992369
2991.889227
20.067641
-1563.816045
3344.656525
2933.491077
20.067641
-1606.534985
3306.227939
2869.693834
20.067641
-1641.827571
3259.562161
2798.662087
20.067641
-1670.878001
3201.630962
2716.718405
20.067641
-1693.953722
3132.174155
2624.761067
20.067641
-1709.017721
3052.524821
2525.524058
20.067641
-1714.419233
2980.897693
2440.741358
20.067641
-1711.177947
2914.736186
2365.547255
20.067641
-1702.783166
2849.800556
2294.272639
20.067641
-1690.347170
2787.559871
2228.041857
20.067641
-1675.087104
2728.236563
2166.627524
20.067641
-1657.889383
2670.863703
2108.679820
20.067641
-1639.078895
2614.932613
2053.445233
20.067641
-1618.898557
2560.119437
2000.424518
20.067641
-1597.532651
2506.202933
1949.262504
20.067641
-1575.127335
2453.023758
1899.692903
20.067641
-1551.802088
2400.462560
1851.508139
20.067641
-1527.656834
2348.427149
1804.541454
20.067641
-1502.776598
2296.844487
1758.655618
20.067641
-1477.234682
2245.655440
1713.735455
20.067641
-1451.094908
2194.811173
1669.682694
20.067641
-1424.413239
2144.270603
1626.412292
20.067641
-1397.238979
2093.952972
1583.811381
20.067641
-1369.590395
2043.598415
1541.624104
20.067641
-1341.375001
1993.186249
1499.803318
20.067641
-1312.622841
1942.684877
1458.295466
20.067641
-1283.353481
1892.063557
1417.050313
20.067641
-1253.582947
1841.291144
1376.019671
20.067641
-1223.323438
1790.335522
1335.156753
20.067641
-1192.583337
1739.163021
1294.415554
20.067641
-1161.367159
1687.737833
1253.750260
20.067641
-1129.675426
1636.021398
1213.114659
20.067641
-1097.504500
1583.971741
1172.461535
20.067641
-1064.846334
1531.542737
1131.742028
20.067641
-1031.688144
1478.683268
1090.904925
20.067641
-998.011994
1425.336231
1049.895861
20.067641
-963.794243
1371.437351
1008.656377
20.067641
-929.004849
1316.913708
967.122798
20.067641
-893.606456
1261.681893
925.224832
20.067641
-857.553205
1205.645630
882.883803
20.067641
-820.789171
1148.692637
840.010344
20.067641
-783.246248
1090.690386
796.501289
20.067641
-744.841261
1031.480196
752.235386
20.067641
-705.471905
970.868742
707.067139
20.067641
-665.010876
908.615346
660.817622
20.067641
-623.297047
844.412061
613.260085
20.067641
-580.121614
777.850508
564.096001
20.067641
-535.205011
708.362247
512.911972
20.067641
-488.155377
635.276060
459.222982
20.067641
-438.505662
561.542925
405.198585
20.067641
-388.254881
486.645339
350.453503
20.067641
-337.050912
410.199013
294.701344
20.067641
-284.625435
331.711027
237.573929
20.067641
-230.625504
250.541743
178.583167
20.067641
-174.575219
165.843140
117.027834
20.067641
-115.783086
76.858266
51.782599
20.067641
-53.132338
26.704709
-14.138137
20.067641
10.514009
111.375493
-80.191563
20.067641
74.639825
204.747799
-147.612305
20.067641
140.461946
302.942205
-217.904642
20.067641
209.496627
395.074007
-283.555429
20.067641
274.366689
482.981664
-345.970357
20.067641
336.412083
568.000277
-406.131703
20.067641
396.583717
651.046783
-464.701347
20.067641
455.534698
732.791921
-522.154330
20.067641
513.747160
809.284155
-575.724863
20.067641
568.400400
882.121416
-626.551440
20.067641
620.619670
952.143975
-675.230703
20.067641
670.998463
1019.859250
-722.120643
20.067641
719.897185
1085.644122
-767.484015
20.067641
767.586306
1149.788269
-811.519534
20.067641
814.276611
1212.520741
-854.380944
20.067641
860.137803
1274.026655
-896.188949
20.067641
905.310209
1334.458158
-937.039004
20.067641
949.912507
1393.941933
-977.006589
20.067641
994.047045
1452.584492
-1016.150867
20.067641
1037.803647
1510.476046
-1054.517304
20.067641
1081.262424
1567.693396
-1092.139542
20.067641
1124.495929
1624.302157
-1129.040774
20.067641
1167.570862
1680.358506
-1165.234733
20.067641
1210.549469
1735.910599
-1200.726407
20.067641
1253.490723
1790.999739
-1235.512520
20.067641
1296.451374
1845.661382
-1269.581834
20.067641
1339.486915
1899.926024
-1302.915285
20.067641
1382.652503
1953.820012
-1335.485976
20.067641
1426.003905
2007.366326
-1367.259005
20.067641
1469.598472
2060.585364
-1398.191138
20.067641
1513.496241
2113.495766
-1428.230280
20.067641
1557.761185
2166.115339
-1457.314709
20.067641
1602.462726
2218.462131
-1485.371999
20.067641
1647.677621
2270.555769
-1512.317505
20.067641
1693.492413
2322.585412
-1538.132850
20.067641
1740.157356
2374.721903
-1562.754456
20.067641
1787.931743
2426.984268
-1586.007818
20.067641
1836.961928
2479.425641
-1607.692227
20.067641
1887.451855
2532.128331
-1627.559914
20.067641
1939.670050
2585.224103
-1645.295144
20.067641
1993.987173
2638.934921
-1660.476940
20.067641
2050.948839
2693.066027
-1672.394109
20.067641
2110.758125
2744.675700
-1679.873383
20.067641
2170.453271
2794.557230
-1682.585595
20.067641
2231.155109
2843.010273
-1679.747168
20.067641
2293.633396
2890.491470
-1669.947431
20.067641
2359.197704
2938.104313
-1650.098822
20.067641
2430.890397
2985.182549
-1614.430540
20.067641
2510.881553
3024.559924
-1559.988461
20.067641
2591.137979
3047.263507
-1501.235686
20.067641
2651.735957
3058.963409
-1436.257929
20.067641
2700.743896
3061.032786
-1365.260151
20.067641
2739.632042
3054.671964
-1293.602917
20.067641
2767.166347
3040.731632
-1219.052515
20.067641
2785.598161
3020.054536
-1143.854694
20.067641
2794.981776
2992.591616
-1067.105302
20.067641
2795.798302
2956.900934
-986.330481
20.067641
2787.474234
2914.988993
-907.164337
20.067641
2770.164433
2865.454706
-827.611795
20.067641
2743.262051
2800.508531
-739.086608
20.067641
2701.147221
2734.646169
-662.602784
20.067641
2653.082078
2675.488527
-602.682970
20.067641
2606.647155
2621.527761
-553.943636
20.067641
2562.255166
2569.675568
-511.634068
20.067641
2518.146222
2518.958930
-473.988200
20.067641
2473.880871
2468.894376
-440.026654
20.067641
2429.282460
2419.193810
-409.113666
20.067641
2384.265503
2369.666725
-380.797692
20.067641
2338.784042
2320.177844
-354.738179
20.067641
2292.811231
2270.625852
-330.666919
20.067641
2246.329993
2220.931584
-308.365664
20.067641
2199.328308
2171.030949
-287.652248
20.067641
2151.796657
2120.870444
-268.371531
20.067641
2103.726562
2070.492282
-250.419479
20.067641
2055.194800
2020.905246
-234.006507
20.067641
2007.211065
1971.938413
-218.913741
20.067641
1959.646695
1923.503251
-204.979624
20.067641
1912.444875
1875.526238
-192.068955
20.067641
1865.557685
1827.946535
-180.067544
20.067641
1818.945163
1780.712388
-168.877754
20.067641
1772.572764
1733.778688
-158.415281
20.067641
1726.409693
1687.105198
-148.606747
20.067641
1680.427706
1640.655224
-139.387852
20.067641
1634.600221
1594.394588
-130.701926
20.067641
1588.901633
1548.097683
-122.465318
20.067641
1543.115670
1501.681493
-114.629942
20.067641
1497.165512
1455.108421
-107.160419
20.067641
1451.018419
1408.336632
-100.024246
20.067641
1404.636789
1361.321760
-93.191805
20.067641
1357.979938
1314.015995
-86.635973
20.067641
1311.003254
1266.367166
-80.331787
20.067641
1263.657348
1218.317658
-74.256140
20.067641
1215.887014
1169.803074
-68.387505
20.067641
1167.629937
1120.750550
-62.705657
20.067641
1118.815036
1071.076578
-57.191400
20.067641
1069.360308
1020.684101
-51.826279
20.067641
1019.169937
969.458543
-46.592243
20.067641
968.130322
917.262196
-41.471251
20.067641
916.104449
863.926000
-36.444737
20.067641
862.923637
809.236982
-31.492861
20.067641
808.374902
752.918012
-26.593337
20.067641
752.180574
694.592904
-21.719454
20.067641
693.963153
633.720672
-16.836332
20.067641
633.179056
572.379354
-12.113246
20.067641
571.899190
510.584155
-7.544333
20.067641
510.133857
448.086633
-3.106180
20.067641
447.626264
384.609452
1.223022
20.067641
384.083617
319.817320
5.465541
20.067641
319.140308
253.296833
9.645738
20.067641
252.316339
184.551247
13.793069
20.067641
182.937705
113.214311
17.948424
20.067641
109.966469
46.752618
21.943585
20.067641
36.077363
49.970208
25.728302
20.067641
-37.846610
118.326648
29.351215
20.067641
-112.858281
193.944390
32.849599
20.067641
-190.085823
272.100710
36.173826
20.067641
-268.937801
345.648329
39.055155
20.067641
-342.848002
416.473818
41.602535
20.067641
-413.904530
485.633999
43.867512
20.067641
-483.232151
553.715366
45.872131
20.067641
-551.446955
621.156080
47.625140
20.067641
-619.002432
686.837825
49.095384
20.067641
-684.786924
749.386100
50.262910
20.067641
-747.429232
809.778416
51.159200
20.067641
-807.911572
868.434285
51.796148
20.067641
-866.655962
925.663190
52.178626
20.067641
-923.973497
981.701350
52.306318
20.067641
-980.101463
1036.735151
52.174774
20.067641
-1035.226958
1090.943934
51.775721
20.067641
-1089.529821
1144.445006
51.097599
20.067641
-1143.127595
1197.340245
50.125784
20.067641
-1196.122217
1249.717064
48.842599
20.067641
-1248.600990
1301.651634
47.227209
20.067641
-1300.639788
1353.211279
45.255449
20.067641
-1352.305439
1404.456333
42.899570
20.067641
-1403.657547
1455.441635
40.127905
20.067641
-1454.749942
1506.217758
36.904460
20.067641
-1505.631856
1556.832090
33.188402
20.067641
-1556.348925
1607.329811
28.933434
20.067641
-1606.944077
1657.754839
24.087035
20.067641
-1657.458359
1708.201325
18.583664
20.067641
-1707.982349
1758.977270
12.318516
20.067641
-1758.819655
1810.099183
5.202378
20.067641
-1809.980463
1861.616322
-2.871668
20.067641
-1861.505942
1913.585862
-12.028875
20.067641
-1913.442826
1966.076313
-22.417474
20.067641
-1965.846081
2019.172283
-34.215166
20.067641
-2018.782633
2072.981723
-47.638546
20.067641
-2072.337106
2127.647476
-62.957456
20.067641
-2126.621130
2183.260148
-80.482491
20.067641
-2181.683921
2238.084993
-99.902569
20.067641
-2235.764121
2292.426792
-121.505685
20.067641
-2289.116479
2346.387736
-145.562048
20.067641
-2341.782310
2400.076484
-172.398610
20.067641
-2393.792627
2453.632252
-202.430476
20.067641
-2445.185150
2507.244805
-236.207358
20.067641
-2496.012798
2561.193351
-274.500089
20.067641
-2546.361791
2615.931861
-318.481610
20.067641
-2596.394857
2672.314234
-370.179084
20.067641
-2646.474655
2732.409302
-434.013262
20.067641
-2697.645338
2792.407966
-509.256789
20.067641
-2745.504882
2856.019956
-606.525169
20.067641
-2790.801766
2909.053740
-709.112103
20.067641
-2821.232173
2946.838722
-803.785612
20.067641
-2835.028119
2971.883886
-887.539417
20.067641
-2836.188447
2988.302309
-966.819729
20.067641
-2827.509078
2996.990752
-1043.760867
20.067641
-2809.290678
2997.762675
-1116.053958
20.067641
-2782.193722
2990.349967
-1185.220722
20.067641
-2745.367380
2975.577242
-1245.032589
20.067641
-2702.508292
2953.633725
-1297.615680
20.067641
-2653.251405
2923.303226
-1344.557685
20.067641
-2595.662473
2882.999634
-1385.240306
20.067641
-2528.318310
2829.613595
-1418.635885
20.067641
-2448.220295
2779.342782
-1437.071326
20.067641
-2378.900921
2732.357548
-1446.543053
20.067641
-2317.949149
2685.659306
-1450.399846
20.067641
-2260.244121
2638.376648
-1449.856133
20.067641
-2204.210928
2590.109841
-1445.554586
20.067641
-2149.101724
2540.568084
-1437.883298
20.067641
-2094.415217
2491.130917
-1427.466651
20.067641
-2041.487079
2442.381539
-1414.895393
20.067641
-1990.702364
2394.078285
-1400.498013
20.067641
-1941.600742
2346.094811
-1384.530014
20.067641
-1893.894082
2298.346497
-1367.193399
20.067641
-1847.370055
2250.775290
-1348.652896
20.067641
-1801.866273
2203.340132
-1329.045756
20.067641
-1757.254223
2156.011223
-1308.488193
20.067641
-1713.429408
2108.766373
-1287.079796
20.067641
-1670.304914
2061.588555
-1264.906666
20.067641
-1627.807048
2014.464222
-1242.043704
20.067641
-1585.872261
1967.166653
-1218.447466
20.067641
-1544.256359
1919.658796
-1194.153500
20.067641
-1502.892079
1871.924681
-1169.201169
20.067641
-1461.734561
1823.946271
-1143.623314
20.067641
-1420.740302
1775.704081
-1117.447197
20.067641
-1379.867398
1727.176622
-1090.694739
20.067641
-1339.074815
1678.339920
-1063.382688
20.067641
-1298.321776
1629.167010
-1035.522705
20.067641
-1257.567161
1579.627410
-1007.121352
20.067641
-1216.768929
1529.686524
-978.180008
20.067641
-1175.883508
1479.304979
-948.694674
20.067641
-1134.865157
1428.437831
-918.655687
20.067641
-1093.665239
1377.033632
-888.047284
20.067641
-1052.231407
1325.033272
-856.847016
20.067641
-1010.506631
1272.368537
-825.024947
20.067641
-968.428016
1218.960278
-792.542573
20.067641
-925.925331
1164.716015
-759.351366
20.067641
-882.919129
1109.526758
-725.390774
20.067641
-839.318260
1053.262672
-690.585455
20.067641
-795.016525
995.766991
-654.841341
20.067641
-749.887997
936.847199
-618.039891
20.067641
-703.780262
876.261723
-580.029374
20.067641
-656.504244
813.698854
-540.611024
20.067641
-607.818095
748.741212
-499.515658
20.067641
-557.400035
680.800749
-456.360899
20.067641
-504.798652
610.050263
-411.243825
20.067641
-450.152341
538.576226
-365.488894
20.067641
-395.068993
465.927574
-318.803765
20.067641
-339.190143
391.736514
-270.938819
20.067641
-282.217900
315.542620
-221.565993
20.067641
-223.769850
236.776103
-170.239973
20.067641
-163.335742
154.810335
-116.309608
20.067641
-100.177865
70.327998
-58.715342
20.067641
-33.103258
39.689017
-0.564939
20.067641
34.237242
119.077958
58.213886
20.067641
101.921506
209.282394
118.711999
20.067641
171.183736
304.943535
182.346638
20.067641
243.593007
394.642519
242.020233
20.067641
311.072683
480.495032
299.251978
20.067641
375.394485
563.915648
355.016004
20.067641
437.677718
645.778738
409.911893
20.067641
498.597741
726.709489
464.371588
20.067641
558.625992
803.433210
516.191611
20.067641
615.344159
876.504415
565.734119
20.067641
669.180234
946.841117
613.612883
20.067641
720.822183
1014.947870
660.167201
20.067641
770.646310
1081.197849
705.650961
20.067641
818.927836
1145.878505
750.262812
20.067641
865.875599
1209.217822
794.163522
20.067641
911.651979
1271.400836
837.486924
20.067641
956.385396
1332.580515
880.347149
20.067641
1000.178492
1392.885222
922.843621
20.067641
1043.113695
1452.424011
965.064642
20.067641
1085.257128
1511.290519
1007.090057
20.067641
1126.661413
1569.565905
1048.993311
20.067641
1167.367745
1627.321138
1090.843090
20.067641
1207.407440
1684.618831
1132.704679
20.067641
1246.803113
1741.514751
1174.641127
20.067641
1285.569578
1798.059109
1216.714290
20.067641
1323.714541
1854.297687
1258.985798
20.067641
1361.239127
1910.272869
1301.517992
20.067641
1398.138277
1966.024619
1344.374874
20.067641
1434.401021
2021.591433
1387.623105
20.067641
1470.010657
2077.011320
1431.333096
20.067641
1504.944811
2132.322844
1475.580259
20.067641
1539.175396
2187.566282
1520.446481
20.067641
1572.668442
2242.784968
1566.021924
20.067641
1605.383766
2298.026918
1612.407317
20.067641
1637.274459
2353.346885
1659.716936
20.067641
1668.286109
2408.809063
1708.082652
20.067641
1698.355688
2464.490830
1757.659584
20.067641
1727.409949
2520.738173
1808.864564
20.067641
1755.484895
2577.774468
1862.040270
20.067641
1782.505129
2635.772155
1917.518808
20.067641
1808.317937
2694.990587
1975.761518
20.067641
1832.740565
2755.819910
2037.429312
20.067641
1855.538323
2818.898675
2103.552028
20.067641
1876.394388
2885.421825
2175.961805
20.067641
1894.847386
2952.844633
2252.526153
20.067641
1909.192145
3020.305616
2332.831138
20.067641
1918.265410
3090.025956
2420.454807
20.067641
1920.743666
3165.715855
2522.294240
20.067641
1912.952151
3245.344656
2640.057569
20.067641
1887.314298
3295.868632
2723.783474
20.067641
1855.626826
3333.485011
2794.480042
20.067641
1817.305947
3361.235983
2856.404837
20.067641
1771.568805
3379.435936
2910.547816
20.067641
1717.234971
3386.701050
2952.586504
20.067641
1658.786977
3383.889124
2983.169976
20.067641
1597.184957
3371.656112
3002.737152
20.067641
1533.372695
3349.487287
3011.848364
20.067641
1465.411822
3318.450492
3009.933188
20.067641
1397.144646
3278.028444
2997.147953
20.067641
1327.468235
3221.357206
2969.590761
20.067641
1248.306953
3157.935127
2931.291519
20.067641
1174.598478
3098.513186
2890.936188
20.067641
1114.840443
3038.278266
2846.968133
20.067641
1060.897996
2980.104973
2802.317158
20.067641
1013.726536
2922.709182
2756.616307
20.067641
971.026665
2865.611998
2709.842898
20.067641
931.708581
2808.564234
2662.032966
20.067641
895.103814
2751.422003
2613.239158
20.067641
860.756313
2694.096414
2563.516867
20.067641
828.332091
2636.530277
2512.919580
20.067641
797.574055
2578.685953
2461.497353
20.067641
768.276848
2520.538478
2409.296433
20.067641
740.271710
2462.071374
2356.359301
20.067641
713.416840
2403.273958
2302.724838
20.067641
687.590958
2344.945041
2249.170347
20.067641
663.021333
2287.356833
2195.995790
20.067641
639.688255
2230.371842
2143.117443
20.067641
617.416769
2173.899547
2090.486551
20.067641
596.072571
2117.865891
2038.063341
20.067641
575.544124
2062.208973
1985.814448
20.067641
555.737453
2006.875428
1933.710562
20.067641
536.572211
1951.817929
1881.724856
20.067641
517.978844
1896.993390
1829.831879
20.067641
499.896494
1842.361618
1778.006729
20.067641
482.271390
1787.784083
1726.129100
20.067641
465.024246
1732.934667
1673.897674
20.067641
448.025028
1677.769631
1621.277692
20.067641
431.238764
1622.226680
1568.215748
20.067641
414.627613
1566.239194
1514.653415
20.067641
398.155166
1509.734177
1460.525353
20.067641
381.785630
1452.630788
1405.757974
20.067641
365.483265
1394.838508
1350.267715
20.067641
349.211759
1336.254819
1293.958847
20.067641
332.933526
1276.762205
1236.720601
20.067641
316.608863
1216.224160
1178.423319
20.067641
300.194898
1154.479693
1118.913139
20.067641
283.644212
1091.335555
1058.004446
20.067641
266.902935
1026.554776
995.468730
20.067641
249.907995
959.839031
931.017417
20.067641
232.582940
890.799936
864.273908
20.067641
214.831163
818.908952
794.724759
20.067641
196.524096
743.401249
721.625993
20.067641
177.478541
666.911702
647.525653
20.067641
158.363621
589.388654
572.372421
20.067641
139.162087
510.469517
495.811232
20.067641
119.781637
429.733296
417.425699
20.067641
100.118838
346.646896
336.680968
20.067641
80.045526
260.504644
252.848919
20.067641
59.391781
170.344459
164.855289
20.067641
37.911189
75.603718
71.271483
20.067641
15.283575
30.285640
-21.591428
20.067641
-6.951260
120.818524
-115.502365
20.067641
-29.216595
219.218990
-212.045794
20.067641
-51.873277
322.538008
-312.981550
20.067641
-75.303427
418.260470
-406.421242
20.067641
-96.751664
509.773046
-495.751748
20.067641
-117.030132
598.503078
-582.389668
20.067641
-136.475267
685.334954
-667.208291
20.067641
-155.288072
770.893596
-750.823668
20.067641
-173.603129
851.952877
-830.084344
20.067641
-190.737980
929.067915
-905.531001
20.067641
-206.828643
1003.238634
-978.140148
20.067641
-222.096596
1075.001793
-1048.436243
20.067641
-236.659228
1144.758774
-1116.811980
20.067641
-250.601163
1212.820417
-1183.572027
20.067641
-263.984675
1279.435028
-1248.960354
20.067641
-276.856123
1344.805936
-1313.177355
20.067641
-289.249943
1409.103027
-1376.391106
20.067641
-301.191222
1472.470624
-1438.745066
20.067641
-312.697400
1535.033082
-1500.363537
20.067641
-323.779416
1596.898865
-1561.355661
20.067641
-334.442481
1658.163628
-1621.818444
20.067641
-344.686587
1718.912602
-1681.839094
20.067641
-354.506818
1779.222489
-1741.496904
20.067641
-363.893512
1839.163033
-1800.864800
20.067641
-372.832301
1898.798342
-1860.010663
20.067641
-381.304033
1958.188058
-1918.998505
20.067641
-389.284597
2017.850268
-1978.349349
20.067641
-396.800765
2077.823700
-2038.109944
20.067641
-403.802518
2138.143384
-2098.324232
20.067641
-410.231442
2198.852120
-2159.044857
20.067641
-416.020717
2259.997429
-2220.330246
20.067641
-421.092942
2321.633500
-2282.246680
20.067641
-425.358070
2383.823832
-2344.871105
20.067641
-428.710687
2446.644994
-2408.295109
20.067641
-431.026316
2510.192149
-2472.630765
20.067641
-432.156240
2574.587521
-2538.019568
20.067641
-431.919978
2639.994030
-2604.646821
20.067641
-430.093836
2706.638662
-2672.766283
20.067641
-426.392459
2774.855888
-2742.745958
20.067641
-420.436798
2845.177744
-2815.163043
20.067641
-411.692515
2916.510550
-2888.918609
20.067641
-399.725342
2986.799609
-2961.892541
20.067641
-384.397928
3056.696370
-3034.750639
20.067641
-365.073342
3126.607879
-3107.904418
20.067641
-340.887441
3197.239971
-3182.071762
20.067641
-310.419103
3270.153463
-3258.854527
20.067641
-270.865535
3341.520804
-3334.120126
20.067641
-221.362953
3413.423725
-3409.832559
20.067641
-155.244120
3475.321305
-3474.453778
20.067641
-75.009389
3513.076827
-3513.018591
20.067641
-2.541895
3537.204577
-3536.396334
20.067641
72.900458
3547.164694
-3544.161316
20.067641
144.551813
3544.985242
-3538.364494
20.067641
215.625521
3531.180139
-3519.676351
20.067641
284.093026
3505.965854
-3488.386335
20.067641
350.078049
3472.611304
-3448.492679
20.067641
408.074511
3430.697562
-3399.478538
20.067641
461.333634
3378.111991
-3339.059025
20.067641
511.783882
3307.407663
-3259.152102
20.067641
562.556948
3227.482446
-3170.253114
20.067641
604.760631
3154.837238
-3090.551139
20.067641
633.315831
3087.704166
-3017.715995
20.067641
653.379275
3022.158542
-2947.292242
20.067641
668.212530
2957.106069
-2878.018251
20.067641
679.032060
2891.995568
-2809.255633
20.067641
686.526363
2826.625214
-2740.754845
20.067641
691.136938
2763.673295
-2675.261380
20.067641
693.155049
2702.359075
-2611.888005
20.067641
693.096610
2642.308438
-2550.192685
20.067641
691.309224
2583.269230
-2489.872070
20.067641
688.051073
2525.063974
-2430.708100
20.067641
683.522858
2467.561619
-2372.536299
20.067641
677.885788
2410.661717
-2315.227949
20.067641
671.272485
2354.284818
-2258.679213
20.067641
663.794022
2298.366291
-2202.804138
20.067641
655.544679
2242.852197
-2147.529942
20.067641
646.605299
2187.696409
-2092.793734
20.067641
637.045724
2132.858543
-2038.540133
20.067641
626.926613
2078.302432
-1984.719519
20.067641
616.300837
2023.994969
-1931.286683
20.067641
605.214565
1969.905198
-1878.199788
20.067641
593.708125
1916.003603
-1825.419520
20.067641
581.816702
1862.261510
-1772.908405
20.067641
569.570900
1808.483653
-1720.467591
20.067641
556.957522
1754.435937
-1667.862476
20.067641
543.946237
1700.080642
-1615.051095
20.067641
530.548244
1645.365931
-1561.978316
20.067641
516.768883
1590.235674
-1508.585401
20.067641
502.610062
1534.627922
-1454.808516
20.067641
488.070007
1478.473782
-1400.577619
20.067641
473.143051
1421.695986
-1345.815081
20.067641
457.819326
1364.207111
-1290.433957
20.067641
442.084307
1305.907299
-1234.335795
20.067641
425.918193
1246.681266
-1177.407767
20.067641
409.295028
1186.394291
-1119.518817
20.067641
392.181489
1124.886668
-1060.514363
20.067641
374.535166
1061.965814
-1000.208738
20.067641
356.302063
997.394591
-938.374029
20.067641
337.412866
930.873252
-874.722804
20.067641
317.777149
862.009925
-808.879877
20.067641
297.273855
790.268780
-740.332681
20.067641
275.734577
714.869750
-668.335213
20.067641
252.911234
638.578538
-595.523461
20.067641
229.633723
561.230504
-521.729658
20.067641
205.852212
482.470336
-446.597989
20.067641
181.452890
401.882552
-369.701259
20.067641
156.294130
318.958215
-290.487070
20.067641
130.187921
233.087333
-208.193880
20.067641
102.870321
143.786932
-121.675410
20.067641
73.939613
56.940382
-30.952755
20.067641
43.375383
63.795628
59.194139
20.067641
12.775990
152.888190
150.440750
20.067641
-18.430116
250.422728
244.391407
20.067641
-50.810162
350.591012
339.797633
20.067641
-83.957823
444.410754
428.771691
20.067641
-115.121870
534.523389
514.026376
20.067641
-145.221996
622.150997
596.788493
20.067641
-174.678699
708.087559
677.838052
20.067641
-203.766670
792.913435
757.735852
20.067641
-232.691606
872.639704
832.737410
20.067641
-260.087964
948.741622
904.243753
20.067641
-286.445790
1022.047721
973.040617
20.067641
-312.042932
1093.065684
1039.608423
20.067641
-337.052234
1162.178305
1104.307822
20.067641
-361.607434
1229.684737
1167.419099
20.067641
-385.816652
1295.826014
1229.166486
20.067641
-409.770789
1360.801237
1289.733546
20.067641
-433.548933
1424.778330
1349.273361
20.067641
-457.222020
1487.901489
1407.915536
20.067641
-480.855462
1550.296546
1465.771190
20.067641
-504.511140
1612.074971
1522.936634
20.067641
-528.249004
1673.336982
1579.496159
20.067641
-552.128454
1734.174066
1635.524222
20.067641
-576.209597
1794.671119
1691.087232
20.067641
-600.554487
1854.908377
1746.245057
20.067641
-625.228420
1914.963271
1801.052398
20.067641
-650.301374
1974.912354
1855.560102
20.067641
-675.849692
2034.840723
1909.823112
20.067641
-701.961351
2095.292175
1964.304247
20.067641
-728.941295
2156.299676
2018.995003
20.067641
-756.891511
2217.960936
2073.937100
20.067641
-785.959864
2280.399455
2129.184340
20.067641
-816.328983
2343.104178
2184.221797
20.067641
-847.885382
2405.364779
2238.366089
20.067641
-880.394379
2467.277448
2291.638503
20.067641
-914.028591
2528.836699
2343.959783
20.067641
-948.928278
2590.042945
2395.241932
20.067641
-985.259273
2650.904433
2445.385642
20.067641
-1023.220730
2711.441558
2494.277711
20.067641
-1063.057530
2771.694010
2541.787386
20.067641
-1105.080023
2831.733576
2587.761209
20.067641
-1149.697463
2891.689197
2632.015809
20.067641
-1197.479222
2951.801979
2674.328391
20.067641
-1249.279740
3012.567592
2714.428052
20.067641
-1306.537844
3071.146691
2749.716972
20.067641
-1367.697284
3126.126421
2778.665564
20.067641
-1432.229512
3178.944447
2800.834381
20.067641
-1503.533124
3231.333962
2813.645891
20.067641
-1588.871695
3275.848219
2809.251716
20.067641
-1684.898702
3300.231270
2788.795814
20.067641
-1764.579733
3310.591952
2757.437571
20.067641
-1831.981006
3310.038618
2715.519207
20.067641
-1892.593030
3299.065854
2663.310155
20.067641
-1946.846634
3279.555662
2605.860103
20.067641
-1991.124244
3252.335466
2543.016028
20.067641
-2027.400492
3218.717157
2476.756672
20.067641
-2055.581138
3177.988031
2405.405639
20.067641
-2076.831463
3128.178807
2326.334051
20.067641
-2091.236433
3069.664851
2241.235534
20.067641
-2097.451517
2997.737779
2144.939600
20.067641
-2094.102001
2924.703825
2054.325978
20.067641
-2081.642268
2859.216616
1978.031625
20.067641
-2064.487306
2796.108902
1908.265629
20.067641
-2043.610670
2736.510660
1845.344164
20.067641
-2020.592190
2679.719026
1787.778535
20.067641
-1996.080974
2624.717135
1734.041157
20.067641
-1970.238208
2570.980687
1683.287234
20.067641
-1943.214623
2518.185538
1634.966129
20.067641
-1915.134839
2466.114707
1588.689108
20.067641
-1886.103379
2414.614514
1544.165738
20.067641
-1856.209232
2363.571580
1501.169812
20.067641
-1825.529266
2312.899619
1459.519430
20.067641
-1794.130700
2262.531323
1419.064597
20.067641
-1762.072912
2212.413109
1379.679091
20.067641
-1729.408760
2162.501539
1341.254913
20.067641
-1696.185560
2112.684473
1303.641264
20.067641
-1662.393584
2062.816021
1266.673761
20.067641
-1627.987964
2012.868143
1230.284533
20.067641
-1592.995737
1962.809342
1194.407655
20.067641
-1557.436405
1912.609889
1158.982590
20.067641
-1521.326144
1862.240729
1123.952963
20.067641
-1484.677594
1811.672783
1089.265731
20.067641
-1447.499821
1760.876290
1054.870449
20.067641
-1409.798189
1709.820154
1020.718609
20.067641
-1371.574194
1658.471297
986.763026
20.067641
-1332.825218
1606.793981
952.957243
20.067641
-1293.544231
1554.749082
919.254945
20.067641
-1253.719404
1502.293288
885.609343
20.067641
-1213.333634
1449.378186
851.972519
20.067641
-1172.363955
1395.986978
818.318428
20.067641
-1130.810278
1342.302711
784.746744
20.067641
-1088.827996
1288.226352
751.180259
20.067641
-1046.352064
1233.666100
717.549042
20.067641
-1003.320841
1178.519476
683.779032
20.067641
-959.662274
1122.671042
649.790590
20.067641
-915.292165
1065.988308
615.496001
20.067641
-870.110933
1008.316204
580.796194
20.067641
-823.999174
949.469251
545.576191
20.067641
-776.811282
889.219954
509.698425
20.067641
-728.365932
827.280762
472.992432
20.067641
-678.431211
763.274242
435.237859
20.067641
-626.699980
696.679837
396.134167
20.067641
-572.745848
627.056308
355.431874
20.067641
-516.202563
557.067562
314.688814
20.067641
-459.230345
486.254646
273.629855
20.067641
-401.456814
414.287349
232.057691
20.067641
-342.608413
340.755087
189.728866
20.067641
-282.337168
265.142735
146.334513
20.067641
-220.191213
186.786186
101.452857
20.067641
-155.543199
104.945003
54.450323
20.067641
-87.440871
26.673265
5.834827
20.067641
-16.574307
71.682853
-42.415274
20.067641
54.191012
156.939548
-91.177309
20.067641
126.150742
246.262408
-141.342977
20.067641
200.660474
331.127512
-188.646436
20.067641
271.394990
